0.5
2
20000
10061
0.375
4
40000
14946
0.3125
6
60000
18795
0.27344
8
80000
21925
0.24609
10
100000
24541
0.22559
12
120000
26806
0.20947
14
140000
29311
0.19638
16
160000
31225
0.18547
18
180000
33376
0.1762
20
200000
35224
0.16819
22
220000
37058
0.16118
24
240000
38517
0.15498
26
260000
39827
0.14945
28
280000
41698
0.14446
30
300000
42999
0.13995
32
320000
45041
0.13583
34
340000
45840
0.13206
36
360000
47744
0.12859
38
380000
48587
0.12537
40
400000
49973
0.12239
42
420000
51169
0.1196
44
440000
52507
0.117
46
460000
53666
0.11457
48
480000
55061
0.11228
50
500000
56208
0.11012
52
520000
57267
0.10808
54
540000
58374
0.10615
56
560000
59775
0.10432
58
580000
60417
0.10258
60
600000
61554
0.10092
62
620000
62630
0.09935
64
640000
63233
0.09784
66
660000
64533
0.0964
68
680000
66147
0.09503
70
700000
66270
0.09371
72
720000
67414
0.09244
74
740000
68785
0.09122
76
760000
69623
0.09005
78
780000
69589
0.08893
80
800000
70970
0.08784
82
820000
72112
0.0868
84
840000
73145
0.08579
86
860000
73957
0.08481
88
880000
74507
0.08387
90
900000
75264
0.08296
92
920000
76052
0.08208
94
940000
77138
0.08122
96
960000
78412
0.08039
98
980000
78786
0.07959
100
1000000
80122
0.07881
102
1020000
80054
0.07805
104
1040000
80679
0.07731
106
1060000
81773
0.0766
108
1080000
82637
0.0759
110
1100000
83352
0.07522
112
1120000
84704
0.07457
114
1140000
85262
0.07392
116
1160000
86049
0.0733
118
1180000
86647
0.07268
120
1200000
87683
0.07209
122
1220000
88465
0.07151
124
1240000
88472
0.07094
126
1260000
89149
0.07039
128
1280000
90417
0.07039
128
1280000
90788
0.06932
132
1320000
91343
0.0688
134
1340000
92169
0.06829
136
1360000
92628
0.0678
138
1380000
93764
0.0678
138
1380000
93658
0.06684
142
1420000
94637
0.06638
144
1440000
95176
0.06592
146
1460000
96174
0.06548
148
1480000
96851
0.06504
150
1500000
98195
0.06461
152
1520000
98219
0.06419
154
1540000
98977
0.06378
156
1560000
99296
0.06338
158
1580000
100411
0.06298
160
1600000
100822
0.06259
162
1620000
101744
0.06221
164
1640000
101949
0.06183
166
1660000
102573
0.06147
168
1680000
103000
0.06111
170
1700000
104156
0.06075
172
1720000
104525
0.0604
174
1740000
104999
0.06006
176
1760000
106481
0.05972
178
1780000
106057
0.05939
180
1800000
107012
0.05906
182
1820000
107463
0.05874
184
1840000
108322
0.05843
186
1860000
109156
0.05811
188
1880000
109620
0.05781
190
1900000
109949
0.05751
192
1920000
109825
0.05721
194
1940000
110306
0.05692
196
1960000
111533
0.05663
198
1980000
111536
0.05635
200
2000000
112757
0.05607
202
2020000
112971
0.05579
204
2040000
113517
0.05552
206
2060000
114497
0.05526
208
2080000
115993
0.05499
210
2100000
115944
0.05473
212
2120000
115415
0.05448
214
2140000
116381
0.05423
216
2160000
116900
0.05398
218
2180000
118201
0.05373
220
2200000
118035
0.05349
222
2220000
118800
0.05325
224
2240000
119267
0.05302
226
2260000
120331
0.05278
228
2280000
119965
0.05255
230
2300000
120553
0.05233
232
2320000
121504
0.0521
234
2340000
122167
0.05188
236
2360000
122383
0.05166
238
2380000
123088
0.05145
240
2400000
122680
0.05124
242
2420000
122996
0.05103
244
2440000
124717
0.05082
246
2460000
125175
0.05061
248
2480000
124880
0.05041
250
2500000
126474
0.05021
252
2520000
126489
0.05001
254
2540000
127405
0.04982
256
2560000
127546
0.04963
258
2580000
128633
0.04944
260
2600000
128835
0.04925
262
2620000
129148
0.04906
264
2640000
129293
0.04888
266
2660000
129846
0.04869
268
2680000
130357
0.04851
270
2700000
131091
0.04833
272
2720000
131520
0.04816
274
2740000
131442
0.04798
276
2760000
132107
0.04781
278
2780000
132868
0.04764
280
2800000
133433
0.04747
282
2820000
134108
0.0473
284
2840000
135126
0.04714
286
2860000
135657
0.04698
288
2880000
134975
0.04681
290
2900000
135777
0.04665
292
2920000
136684
0.04649
294
2940000
136986
0.04634
296
2960000
137271
0.04618
298
2980000
137202
0.04603
300
3000000
138145
0.04588
302
3020000
137966
0.04572
304
3040000
138931
0.04557
306
3060000
139528
0.04543
308
3080000
139329
0.04528
310
3100000
140069
0.04514
312
3120000
141136
0.04499
314
3140000
141363
0.04485
316
3160000
141695
0.04471
318
3180000
142815
0.04457
320
3200000
141987
0.04443
322
3220000
143421
0.04429
324
3240000
143100
0.04416
326
3260000
144035
0.04402
328
3280000
144445
0.04389
330
3300000
144543
0.04376
332
3320000
145474
0.04363
334
3340000
146164
0.0435
336
3360000
146029
0.04337
338
3380000
146339
0.04324
340
3400000
146856
0.04311
342
3420000
147723
0.04299
344
3440000
148666
0.04286
346
3460000
147944
0.04274
348
3480000
148844
0.04262
350
3500000
149324
0.0425
352
3520000
150205
0.04238
354
3540000
149638
0.04226
356
3560000
150100
0.04214
358
3580000
151028
0.04202
360
3600000
151545
0.04191
362
3620000
151448
0.04179
364
3640000
152718
0.04168
366
3660000
152621
0.04156
368
3680000
152500
0.04145
370
3700000
153398
0.04134
372
3720000
154132
0.04123
374
3740000
154398
0.04112
376
3760000
154474
0.04101
378
3780000
154448
0.0409
380
3800000
155016
0.0408
382
3820000
156255
0.04069
384
3840000
155858
0.04058
386
3860000
156381
0.04048
388
3880000
156563
0.04038
390
3900000
157560
0.04027
392
3920000
158405
0.04017
394
3940000
158524
0.04007
396
3960000
158848
0.03997
398
3980000
159418
0.03987
400
4000000
159338
0.03977
402
4020000
160024
0.03967
404
4040000
160164
0.03957
406
4060000
160320
0.03948
408
4080000
160869
0.03938
410
4100000
160959
0.03929
412
4120000
161852
0.03919
414
4140000
162689
0.0391
416
4160000
163053
0.039
418
4180000
162464
0.03891
420
4200000
164378
0.03882
422
4220000
163489
0.03873
424
4240000
164269
0.03863
426
4260000
164929
0.03854
428
4280000
165893
0.03846
430
4300000
165695
0.03837
432
4320000
165524
0.03828
434
4340000
166464
0.03819
436
4360000
166252
0.0381
438
4380000
166307
0.03802
440
4400000
167615
0.03793
442
4420000
167611
0.03784
444
4440000
168092
0.03776
446
4460000
168222
0.03768
448
4480000
168065
0.03759
450
4500000
169655
0.03751
452
4520000
169196
0.03743
454
4540000
169918
0.03734
456
4560000
170896
0.03726
458
4580000
170991
0.03718
460
4600000
170711
0.0371
462
4620000
171493
0.03702
464
4640000
171861
0.03694
466
4660000
172456
0.03686
468
4680000
172605
0.03678
470
4700000
172906
0.03671
472
4720000
173014
0.03663
474
4740000
173761
0.03655
476
4760000
174242
0.03648
478
4780000
173902
0.0364
480
4800000
174984
0.03632
482
4820000
175081
0.03625
484
4840000
175848
0.03617
486
4860000
175797
0.0361
488
4880000
175920
0.03603
490
4900000
176938
0.03595
492
4920000
177574
0.03588
494
4940000
177074
0.03581
496
4960000
178194
0.03574
498
4980000
177585
0.03566
500
5000000
177577
0.03559
502
5020000
178819
0.03552
504
5040000
179098
0.03545
506
5060000
179229
0.03538
508
5080000
179881
0.03531
510
5100000
180180
0.03524
512
5120000
180404
0.03518
514
5140000
181423
0.03511
516
5160000
181269
0.03504
518
5180000
181985
0.03497
520
5200000
181744
0.03491
522
5220000
182010
0.03484
524
5240000
182142
0.03477
526
5260000
182710
0.03471
528
5280000
184109
0.03464
530
5300000
183002
0.03458
532
5320000
183813
0.03451
534
5340000
184068
0.03445
536
5360000
184933
0.03438
538
5380000
185691
0.03432
540
5400000
186005
0.03426
542
5420000
185396
0.03419
544
5440000
186350
0.03413
546
5460000
185847
0.03407
548
5480000
186911
0.03401
550
5500000
187477
0.03394
552
5520000
187023
0.03388
554
5540000
188047
0.03382
556
5560000
187653
0.03376
558
5580000
188134
0.0337
560
5600000
188245
0.03364
562
5620000
189005
0.03358
564
5640000
189939
0.03352
566
5660000
189014
0.03341
570
5700000
190941
0.03335
572
5720000
190804
0.03329
574
5740000
191086
0.03323
576
5760000
191467
0.03317
578
5780000
191410
0.03312
580
5800000
191859
0.03306
582
5820000
191359
0.033
584
5840000
192297
0.03295
586
5860000
192919
0.03289
588
5880000
193551
0.03283
590
5900000
194182
0.03278
592
5920000
194283
0.03272
594
5940000
194253
0.03267
596
5960000
195168
0.03261
598
5980000
194909
0.03256
600
6000000
195398
0.03251
602
6020000
195795
0.03245
604
6040000
196289
0.0324
606
6060000
196384
0.03235
608
6080000
196722
0.03229
610
6100000
197201
0.03224
612
6120000
197095
0.03219
614
6140000
197559
0.03213
616
6160000
198560
0.03208
618
6180000
198044
0.03203
620
6200000
198215
0.03198
622
6220000
198596
0.03193
624
6240000
199592
0.03188
626
6260000
199634
0.03183
628
6280000
200028
0.03178
630
6300000
199963
0.03173
632
6320000
200256
0.03168
634
6340000
201583
0.03163
636
6360000
201140
0.03158
638
6380000
201654
0.03153
640
6400000
201386
0.03148
642
6420000
202814
0.03143
644
6440000
201880
0.03138
646
6460000
202918
0.03133
648
6480000
203128
0.03128
650
6500000
203323
0.03124
652
6520000
203423
0.03119
654
6540000
204301
0.03114
656
6560000
203056
0.03109
658
6580000
204033
0.03105
660
6600000
205150
0.031
662
6620000
205209
0.03095
664
6640000
205540
0.03091
666
6660000
206423
0.03086
668
6680000
206414
0.03081
670
6700000
206911
0.03077
672
6720000
206905
0.03072
674
6740000
206265
0.03068
676
6760000
207554
0.03063
678
6780000
207515
0.03059
680
6800000
207637
0.03054
682
6820000
207288
0.0305
684
6840000
209206
0.03045
686
6860000
208537
0.03041
688
6880000
209199
0.03036
690
6900000
209958
0.03032
692
6920000
210121
0.03028
694
6940000
209842
0.03023
696
6960000
210777
0.03019
698
6980000
210048
0.03015
700
7000000
210302
0.0301
702
7020000
211723
0.03006
704
7040000
211829
0.03002
706
7060000
212141
0.02998
708
7080000
212268
0.02993
710
7100000
211603
0.02989
712
7120000
213364
0.02985
714
7140000
213220
0.02981
716
7160000
213778
0.02977
718
7180000
212634
0.02973
720
7200000
214306
0.02968
722
7220000
214664
0.02964
724
7240000
213552
0.0296
726
7260000
215325
0.02956
728
7280000
215306
0.02952
730
7300000
215131
0.02948
732
7320000
215697
0.02944
734
7340000
216041
0.0294
736
7360000
216302
0.02936
738
7380000
215789
0.02932
740
7400000
216839
0.02928
742
7420000
217779
0.02924
744
7440000
217376
0.0292
746
7460000
217691
0.02916
748
7480000
218716
0.02912
750
7500000
218648
0.02909
752
7520000
219397
0.02905
754
7540000
219277
0.02901
756
7560000
219390
0.02897
758
7580000
219505
0.02893
760
7600000
219836
0.02889
762
7620000
221076
0.02886
764
7640000
221104
0.02882
766
7660000
220435
0.02878
768
7680000
221954
0.02874
770
7700000
221614
0.02871
772
7720000
220625
0.02867
774
7740000
221463
0.02863
776
7760000
222921
0.0286
778
7780000
222266
0.02856
780
7800000
222143
0.02852
782
7820000
222790
0.02849
784
7840000
223865
0.02845
786
7860000
223651
0.02841
788
7880000
224215
0.02838
790
7900000
224251
0.02834
792
7920000
224493
0.02831
794
7940000
224700
0.02827
796
7960000
225079
0.02824
798
7980000
226377
0.0282
800
8000000
226103
0.02817
802
8020000
225545
0.02813
804
8040000
225809
0.0281
806
8060000
227040
0.02806
808
8080000
226827
0.02803
810
8100000
226685
0.02799
812
8120000
227834
0.02796
814
8140000
227662
0.02792
816
8160000
227866
0.02789
818
8180000
228932
0.02785
820
8200000
228539
0.02782
822
8220000
228958
0.02779
824
8240000
228590
0.02775
826
8260000
228731
0.02772
828
8280000
229110
0.02769
830
8300000
229516
0.02765
832
8320000
230416
0.02762
834
8340000
231106
0.02759
836
8360000
229916
0.02755
838
8380000
230679
0.02752
840
8400000
231485
0.02749
842
8420000
231545
0.02746
844
8440000
231611
0.02742
846
8460000
232680
0.02739
848
8480000
231910
0.02736
850
8500000
232635
0.02733
852
8520000
232666
0.0273
854
8540000
232967
0.02726
856
8560000
233957
0.02723
858
8580000
233984
0.0272
860
8600000
234854
0.02717
862
8620000
233942
0.02714
864
8640000
234764
0.02711
866
8660000
234773
0.02707
868
8680000
235006
0.02704
870
8700000
235297
0.02701
872
8720000
235723
0.02698
874
8740000
235788
0.02695
876
8760000
236609
0.02692
878
8780000
236736
0.02689
880
8800000
236395
0.02686
882
8820000
236745
0.02683
884
8840000
236891
0.0268
886
8860000
237545
0.02677
888
8880000
238374
0.02674
890
8900000
238871
0.02671
892
8920000
238242
0.02668
894
8940000
238891
0.02665
896
8960000
238394
0.02662
898
8980000
239219
0.02659
900
9000000
238859
0.02656
902
9020000
239894
0.02653
904
9040000
238749
0.0265
906
9060000
240907
0.02647
908
9080000
240397
0.02644
910
9100000
241129
0.02641
912
9120000
241120
0.02638
914
9140000
241565
0.02636
916
9160000
241645
0.02633
918
9180000
241637
0.0263
920
9200000
241656
0.02627
922
9220000
242760
0.02624
924
9240000
242887
0.02621
926
9260000
242021
0.02618
928
9280000
243808
0.02616
930
9300000
243832
0.02613
932
9320000
244239
0.0261
934
9340000
244080
0.02607
936
9360000
244145
0.02604
938
9380000
244499
0.02602
940
9400000
245066
0.02599
942
9420000
244490
0.02596
944
9440000
244823
0.02593
946
9460000
244926
0.02591
948
9480000
245688
0.02588
950
9500000
245914
0.02585
952
9520000
245299
0.02583
954
9540000
245956
0.0258
956
9560000
247454
0.02577
958
9580000
246602
0.02574
960
9600000
247137
0.02572
962
9620000
247222
0.02569
964
9640000
248144
0.02566
966
9660000
248379
0.02564
968
9680000
248459
0.02561
970
9700000
248406
0.02559
972
9720000
248958
0.02556
974
9740000
248509
0.02553
976
9760000
249359
0.02551
978
9780000
249123
0.02548
980
9800000
249598
0.02546
982
9820000
250484
0.02543
984
9840000
250764
0.0254
986
9860000
250004
0.02538
988
9880000
250754
0.02535
990
9900000
252084
0.02533
992
9920000
251624
0.0253
994
9940000
250927
0.02528
996
9960000
251603
0.02525
998
9980000
252350
0.02523
1000
10000000
251877
