1,1,0.000012636184692382812500,0.000010490417480468750000
2,2,0.000009536743164062500000,0.000010013580322265625000
3,3,0.000008344650268554687500,0.000007390975952148437500
4,4,0.000007390975952148437500,0.000008821487426757812500
5,5,0.000008344650268554687500,0.000008583068847656250000
6,6,0.000007629394531250000000,0.000008344650268554687500
7,7,0.000007629394531250000000,0.000008821487426757812500
8,8,0.000007152557373046875000,0.000008583068847656250000
9,9,0.000007152557373046875000,0.000006914138793945312500
10,10,0.000007152557373046875000,0.000007867813110351562500
11,11,0.000008106231689453125000,0.000007629394531250000000
12,12,0.000008106231689453125000,0.000008583068847656250000
13,13,0.000006914138793945312500,0.000009536743164062500000
14,14,0.000007629394531250000000,0.000008344650268554687500
15,15,0.000007867813110351562500,0.000007152557373046875000
16,16,0.000007152557373046875000,0.000008583068847656250000
17,17,0.000007152557373046875000,0.000009536743164062500000
18,18,0.000007390975952148437500,0.000008583068847656250000
19,19,0.000006914138793945312500,0.000008821487426757812500
20,20,0.000007152557373046875000,0.000024080276489257812500
21,21,0.000007867813110351562500,0.000008106231689453125000
22,22,0.000007867813110351562500,0.000009298324584960937500
23,23,0.000007629394531250000000,0.000008344650268554687500
24,24,0.000007867813110351562500,0.000008821487426757812500
25,25,0.000007390975952148437500,0.000008821487426757812500
26,26,0.000008344650268554687500,0.000008583068847656250000
27,27,0.000007152557373046875000,0.000008821487426757812500
28,28,0.000007390975952148437500,0.000008344650268554687500
29,29,0.000007629394531250000000,0.000008821487426757812500
30,30,0.000008344650268554687500,0.000008821487426757812500
31,31,0.000007867813110351562500,0.000009536743164062500000
32,32,0.000007629394531250000000,0.000009536743164062500000
33,33,0.000007390975952148437500,0.000008344650268554687500
34,34,0.000007867813110351562500,0.000008106231689453125000
35,35,0.000007629394531250000000,0.000007867813110351562500
36,36,0.000008106231689453125000,0.000009059906005859375000
37,37,0.000007629394531250000000,0.000008821487426757812500
38,38,0.000007629394531250000000,0.000009059906005859375000
39,39,0.000007390975952148437500,0.000008344650268554687500
40,40,0.000007629394531250000000,0.000007867813110351562500
41,41,0.000006914138793945312500,0.000006437301635742187500
42,42,0.000007867813110351562500,0.000008821487426757812500
43,43,0.000007152557373046875000,0.000008821487426757812500
44,44,0.000007629394531250000000,0.000008583068847656250000
45,45,0.000007152557373046875000,0.000010728836059570312500
46,46,0.000007867813110351562500,0.000007867813110351562500
47,47,0.000007152557373046875000,0.000008821487426757812500
48,48,0.000007152557373046875000,0.000008106231689453125000
49,49,0.000007390975952148437500,0.000008821487426757812500
50,50,0.000007152557373046875000,0.000008344650268554687500
51,51,0.000007629394531250000000,0.000007390975952148437500
52,52,0.000007152557373046875000,0.000008344650268554687500
53,53,0.000008106231689453125000,0.000008106231689453125000
54,54,0.000007390975952148437500,0.000008583068847656250000
55,55,0.000007390975952148437500,0.000008106231689453125000
56,56,0.000007390975952148437500,0.000008583068847656250000
57,57,0.000007629394531250000000,0.000008344650268554687500
58,58,0.000007152557373046875000,0.000007629394531250000000
59,59,0.000006198883056640625000,0.000006675720214843750000
60,60,0.000006198883056640625000,0.000007390975952148437500
61,61,0.000007390975952148437500,0.000006914138793945312500
62,62,0.000007152557373046875000,0.000006675720214843750000
63,63,0.000006914138793945312500,0.000007867813110351562500
64,64,0.000006198883056640625000,0.000008344650268554687500
65,65,0.000009298324584960937500,0.000008344650268554687500
66,66,0.000007629394531250000000,0.000008344650268554687500
67,67,0.000007390975952148437500,0.000008583068847656250000
68,68,0.000007629394531250000000,0.000006914138793945312500
69,69,0.000007867813110351562500,0.000008106231689453125000
70,70,0.000007390975952148437500,0.000009298324584960937500
71,71,0.000007867813110351562500,0.000007152557373046875000
72,72,0.000007390975952148437500,0.000008583068847656250000
73,73,0.000007390975952148437500,0.000009059906005859375000
74,74,0.000007390975952148437500,0.000007390975952148437500
75,75,0.000007629394531250000000,0.000008583068847656250000
76,76,0.000006437301635742187500,0.000008106231689453125000
77,77,0.000007152557373046875000,0.000008583068847656250000
78,78,0.000007390975952148437500,0.000008583068847656250000
79,79,0.000007629394531250000000,0.000008106231689453125000
80,80,0.000007390975952148437500,0.000009059906005859375000
81,81,0.000007629394531250000000,0.000010251998901367187500
82,82,0.000007629394531250000000,0.000008583068847656250000
83,83,0.000006914138793945312500,0.000009298324584960937500
84,84,0.000007390975952148437500,0.000008821487426757812500
85,85,0.000007390975952148437500,0.000008344650268554687500
86,86,0.000007629394531250000000,0.000007629394531250000000
87,87,0.000019311904907226562500,0.000008821487426757812500
88,88,0.000007152557373046875000,0.000008583068847656250000
89,89,0.000007390975952148437500,0.000008821487426757812500
90,90,0.000007390975952148437500,0.000007390975952148437500
91,91,0.000007629394531250000000,0.000007390975952148437500
92,92,0.000007152557373046875000,0.000007152557373046875000
93,93,0.000007629394531250000000,0.000008106231689453125000
94,94,0.000007390975952148437500,0.000008106231689453125000
95,95,0.000007152557373046875000,0.000008821487426757812500
96,96,0.000007629394531250000000,0.000007867813110351562500
97,97,0.000007152557373046875000,0.000007629394531250000000
98,98,0.000007390975952148437500,0.000007629394531250000000
99,99,0.000006675720214843750000,0.000008106231689453125000
100,100,0.000008106231689453125000,0.000007390975952148437500
101,101,0.000008106231689453125000,0.000007867813110351562500
102,102,0.000007152557373046875000,0.000008821487426757812500
103,103,0.000048637390136718750000,0.000008344650268554687500
104,104,0.000007152557373046875000,0.000007867813110351562500
105,105,0.000007629394531250000000,0.000008583068847656250000
106,106,0.000007152557373046875000,0.000007867813110351562500
107,107,0.000007629394531250000000,0.000006914138793945312500
108,108,0.000007390975952148437500,0.000007152557373046875000
109,109,0.000007629394531250000000,0.000007629394531250000000
110,110,0.000007867813110351562500,0.000007629394531250000000
111,111,0.000007629394531250000000,0.000007629394531250000000
112,112,0.000007629394531250000000,0.000007867813110351562500
113,113,0.000007629394531250000000,0.000008344650268554687500
114,114,0.000007390975952148437500,0.000008344650268554687500
115,115,0.000007152557373046875000,0.000008106231689453125000
116,116,0.000007390975952148437500,0.000008106231689453125000
117,117,0.000007390975952148437500,0.000008106231689453125000
118,118,0.000007629394531250000000,0.000006914138793945312500
119,119,0.000007629394531250000000,0.000008583068847656250000
120,120,0.000007867813110351562500,0.000008106231689453125000
121,121,0.000006675720214843750000,0.000009298324584960937500
122,122,0.000007629394531250000000,0.000007867813110351562500
123,123,0.000007390975952148437500,0.000007629394531250000000
124,124,0.000007867813110351562500,0.000007867813110351562500
125,125,0.000006675720214843750000,0.000008106231689453125000
126,126,0.000008106231689453125000,0.000008583068847656250000
127,127,0.000007629394531250000000,0.000007390975952148437500
128,128,0.000006914138793945312500,0.000007152557373046875000
129,129,0.000007629394531250000000,0.000007629394531250000000
130,130,0.000007390975952148437500,0.000008106231689453125000
131,131,0.000007629394531250000000,0.000008583068847656250000
132,132,0.000007867813110351562500,0.000009298324584960937500
133,133,0.000006675720214843750000,0.000007629394531250000000
134,134,0.000008344650268554687500,0.000008106231689453125000
135,135,0.000008106231689453125000,0.000009298324584960937500
136,136,0.000006675720214843750000,0.000006437301635742187500
137,137,0.000007867813110351562500,0.000008344650268554687500
138,138,0.000007152557373046875000,0.000007867813110351562500
139,139,0.000007867813110351562500,0.000008106231689453125000
140,140,0.000006437301635742187500,0.000008106231689453125000
141,141,0.000006914138793945312500,0.000007867813110351562500
142,142,0.000006914138793945312500,0.000007867813110351562500
143,143,0.000007390975952148437500,0.000008344650268554687500
144,144,0.000007390975952148437500,0.000008821487426757812500
145,145,0.000007390975952148437500,0.000008583068847656250000
146,146,0.000007629394531250000000,0.000006914138793945312500
147,147,0.000006914138793945312500,0.000007629394531250000000
148,148,0.000006914138793945312500,0.000007152557373046875000
149,149,0.000007390975952148437500,0.000006914138793945312500
150,150,0.000007390975952148437500,0.000006914138793945312500
151,151,0.000006914138793945312500,0.000006675720214843750000
152,152,0.000006914138793945312500,0.000008583068847656250000
153,153,0.000007152557373046875000,0.000008106231689453125000
154,154,0.000007867813110351562500,0.000008583068847656250000
155,155,0.000007390975952148437500,0.000008106231689453125000
156,156,0.000007152557373046875000,0.000008344650268554687500
157,157,0.000015497207641601562500,0.000007629394531250000000
158,158,0.000007152557373046875000,0.000006914138793945312500
159,159,0.000007629394531250000000,0.000006914138793945312500
160,160,0.000007390975952148437500,0.000008106231689453125000
161,161,0.000007867813110351562500,0.000008344650268554687500
162,162,0.000007867813110351562500,0.000007629394531250000000
163,163,0.000006914138793945312500,0.000008583068847656250000
164,164,0.000006914138793945312500,0.000008583068847656250000
165,165,0.000007867813110351562500,0.000008344650268554687500
166,166,0.000007152557373046875000,0.000008344650268554687500
167,167,0.000007390975952148437500,0.000009059906005859375000
168,168,0.000007629394531250000000,0.000008106231689453125000
169,169,0.000006914138793945312500,0.000007629394531250000000
170,170,0.000007867813110351562500,0.000008344650268554687500
171,171,0.000007629394531250000000,0.000008583068847656250000
172,172,0.000007152557373046875000,0.000007867813110351562500
173,173,0.000006675720214843750000,0.000006914138793945312500
174,174,0.000007152557373046875000,0.000007390975952148437500
175,175,0.000007629394531250000000,0.000007629394531250000000
176,176,0.000007629394531250000000,0.000009059906005859375000
177,177,0.000007152557373046875000,0.000007867813110351562500
178,178,0.000007390975952148437500,0.000009059906005859375000
179,179,0.000007152557373046875000,0.000008106231689453125000
180,180,0.000006914138793945312500,0.000008106231689453125000
181,181,0.000007867813110351562500,0.000009059906005859375000
182,182,0.000007629394531250000000,0.000008821487426757812500
183,183,0.000007152557373046875000,0.000008583068847656250000
184,184,0.000007390975952148437500,0.000008583068847656250000
185,185,0.000007629394531250000000,0.000007152557373046875000
186,186,0.000007867813110351562500,0.000008821487426757812500
187,187,0.000007390975952148437500,0.000007867813110351562500
188,188,0.000007629394531250000000,0.000007629394531250000000
189,189,0.000007867813110351562500,0.000008344650268554687500
190,190,0.000007867813110351562500,0.000008106231689453125000
191,191,0.000006914138793945312500,0.000007390975952148437500
192,192,0.000006914138793945312500,0.000006675720214843750000
193,193,0.000006914138793945312500,0.000007629394531250000000
194,194,0.000007152557373046875000,0.000008106231689453125000
195,195,0.000007629394531250000000,0.000007152557373046875000
196,196,0.000006914138793945312500,0.000008344650268554687500
197,197,0.000007390975952148437500,0.000008583068847656250000
198,198,0.000007629394531250000000,0.000008583068847656250000
199,199,0.000007390975952148437500,0.000007867813110351562500
200,200,0.000007390975952148437500,0.000008344650268554687500
201,201,0.000007629394531250000000,0.000008106231689453125000
202,202,0.000007152557373046875000,0.000008583068847656250000
203,203,0.000007390975952148437500,0.000009059906005859375000
204,204,0.000007629394531250000000,0.000008106231689453125000
205,205,0.000007629394531250000000,0.000008344650268554687500
206,206,0.000007390975952148437500,0.000009059906005859375000
207,207,0.000007867813110351562500,0.000009536743164062500000
208,208,0.000008106231689453125000,0.000009775161743164062500
209,209,0.000007629394531250000000,0.000008583068847656250000
210,210,0.000006914138793945312500,0.000008821487426757812500
211,211,0.000007390975952148437500,0.000008583068847656250000
212,212,0.000007390975952148437500,0.000008344650268554687500
213,213,0.000007867813110351562500,0.000008106231689453125000
214,214,0.000007390975952148437500,0.000009059906005859375000
215,215,0.000007152557373046875000,0.000007390975952148437500
216,216,0.000007629394531250000000,0.000008583068847656250000
217,217,0.000007390975952148437500,0.000008583068847656250000
218,218,0.000007390975952148437500,0.000008583068847656250000
219,219,0.000007629394531250000000,0.000008106231689453125000
220,220,0.000007390975952148437500,0.000008821487426757812500
221,221,0.000008344650268554687500,0.000008344650268554687500
222,222,0.000007867813110351562500,0.000008821487426757812500
223,223,0.000007152557373046875000,0.000009059906005859375000
224,224,0.000007629394531250000000,0.000008344650268554687500
225,225,0.000007867813110351562500,0.000008821487426757812500
226,226,0.000007867813110351562500,0.000008583068847656250000
227,227,0.000007390975952148437500,0.000008583068847656250000
228,228,0.000007390975952148437500,0.000008583068847656250000
229,229,0.000007629394531250000000,0.000008821487426757812500
230,230,0.000007629394531250000000,0.000008106231689453125000
231,231,0.000007629394531250000000,0.000008821487426757812500
232,232,0.000008106231689453125000,0.000008583068847656250000
233,233,0.000007390975952148437500,0.000008106231689453125000
234,234,0.000007867813110351562500,0.000007629394531250000000
235,235,0.000007152557373046875000,0.000008344650268554687500
236,236,0.000007152557373046875000,0.000009059906005859375000
237,237,0.000008583068847656250000,0.000008344650268554687500
238,238,0.000007390975952148437500,0.000009298324584960937500
239,239,0.000007390975952148437500,0.000009298324584960937500
240,240,0.000008106231689453125000,0.000008583068847656250000
241,241,0.000006914138793945312500,0.000008106231689453125000
242,242,0.000050306320190429687500,0.000009059906005859375000
243,243,0.000007629394531250000000,0.000008583068847656250000
244,244,0.000007390975952148437500,0.000008583068847656250000
245,245,0.000006914138793945312500,0.000009298324584960937500
246,246,0.000007390975952148437500,0.000008583068847656250000
247,247,0.000007390975952148437500,0.000008583068847656250000
248,248,0.000007390975952148437500,0.000008344650268554687500
249,249,0.000007390975952148437500,0.000009298324584960937500
250,250,0.000007390975952148437500,0.000008583068847656250000
251,251,0.000006914138793945312500,0.000008583068847656250000
252,252,0.000007390975952148437500,0.000008344650268554687500
253,253,0.000006914138793945312500,0.000008583068847656250000
254,254,0.000007390975952148437500,0.000008344650268554687500
255,255,0.000007390975952148437500,0.000008106231689453125000
256,256,0.000008106231689453125000,0.000008344650268554687500
257,257,0.000007152557373046875000,0.000008344650268554687500
258,258,0.000007390975952148437500,0.000008583068847656250000
259,259,0.000006914138793945312500,0.000008821487426757812500
260,260,0.000007390975952148437500,0.000008821487426757812500
261,261,0.000007152557373046875000,0.000009298324584960937500
262,262,0.000007867813110351562500,0.000008821487426757812500
263,263,0.000008106231689453125000,0.000008344650268554687500
264,264,0.000007390975952148437500,0.000008821487426757812500
265,265,0.000006914138793945312500,0.000009536743164062500000
266,266,0.000007390975952148437500,0.000008344650268554687500
267,267,0.000007390975952148437500,0.000008821487426757812500
268,268,0.000007390975952148437500,0.000009059906005859375000
269,269,0.000007629394531250000000,0.000008344650268554687500
270,270,0.000007390975952148437500,0.000008344650268554687500
271,271,0.000007867813110351562500,0.000008106231689453125000
272,272,0.000007390975952148437500,0.000008344650268554687500
273,273,0.000007629394531250000000,0.000008344650268554687500
274,274,0.000007867813110351562500,0.000008344650268554687500
275,275,0.000007629394531250000000,0.000007867813110351562500
276,276,0.000007390975952148437500,0.000008106231689453125000
277,277,0.000006914138793945312500,0.000008344650268554687500
278,278,0.000007390975952148437500,0.000008821487426757812500
279,279,0.000007390975952148437500,0.000008344650268554687500
280,280,0.000007629394531250000000,0.000007867813110351562500
281,281,0.000007152557373046875000,0.000007629394531250000000
282,282,0.000007152557373046875000,0.000008344650268554687500
283,283,0.000007629394531250000000,0.000007867813110351562500
284,284,0.000007152557373046875000,0.000007867813110351562500
285,285,0.000007152557373046875000,0.000008821487426757812500
286,286,0.000007867813110351562500,0.000008344650268554687500
287,287,0.000007390975952148437500,0.000008106231689453125000
288,288,0.000007629394531250000000,0.000009059906005859375000
289,289,0.000007390975952148437500,0.000008821487426757812500
290,290,0.000007629394531250000000,0.000008821487426757812500
291,291,0.000007629394531250000000,0.000008106231689453125000
292,292,0.000007152557373046875000,0.000009536743164062500000
293,293,0.000007390975952148437500,0.000009059906005859375000
294,294,0.000007867813110351562500,0.000008583068847656250000
295,295,0.000006914138793945312500,0.000009059906005859375000
296,296,0.000007390975952148437500,0.000009059906005859375000
297,297,0.000007390975952148437500,0.000007867813110351562500
298,298,0.000007390975952148437500,0.000008583068847656250000
299,299,0.000007390975952148437500,0.000008106231689453125000
300,300,0.000008106231689453125000,0.000007867813110351562500
301,301,0.000007629394531250000000,0.000007867813110351562500
302,302,0.000008106231689453125000,0.000008106231689453125000
303,303,0.000008106231689453125000,0.000009298324584960937500
304,304,0.000008106231689453125000,0.000008344650268554687500
305,305,0.000008583068847656250000,0.000008106231689453125000
306,306,0.000008106231689453125000,0.000008821487426757812500
307,307,0.000007867813110351562500,0.000010251998901367187500
308,308,0.000006198883056640625000,0.000007629394531250000000
309,309,0.000007390975952148437500,0.000008821487426757812500
310,310,0.000007867813110351562500,0.000009298324584960937500
311,311,0.000007867813110351562500,0.000008821487426757812500
312,312,0.000007629394531250000000,0.000007867813110351562500
313,313,0.000007867813110351562500,0.000008821487426757812500
314,314,0.000007152557373046875000,0.000007390975952148437500
315,315,0.000006198883056640625000,0.000007867813110351562500
316,316,0.000007867813110351562500,0.000009298324584960937500
317,317,0.000007390975952148437500,0.000008106231689453125000
318,318,0.000007390975952148437500,0.000008583068847656250000
319,319,0.000018596649169921875000,0.000009059906005859375000
320,320,0.000007390975952148437500,0.000008344650268554687500
321,321,0.000007390975952148437500,0.000009059906005859375000
322,322,0.000007152557373046875000,0.000008821487426757812500
323,323,0.000007152557373046875000,0.000008344650268554687500
324,324,0.000007629394531250000000,0.000009059906005859375000
325,325,0.000006914138793945312500,0.000009059906005859375000
326,326,0.000007390975952148437500,0.000008344650268554687500
327,327,0.000007390975952148437500,0.000008821487426757812500
328,328,0.000007152557373046875000,0.000008106231689453125000
329,329,0.000007390975952148437500,0.000009775161743164062500
330,330,0.000008106231689453125000,0.000009059906005859375000
331,331,0.000007629394531250000000,0.000008583068847656250000
332,332,0.000007390975952148437500,0.000009059906005859375000
333,333,0.000007390975952148437500,0.000008583068847656250000
334,334,0.000007629394531250000000,0.000008344650268554687500
335,335,0.000007390975952148437500,0.000008821487426757812500
336,336,0.000007629394531250000000,0.000008344650268554687500
337,337,0.000007152557373046875000,0.000008344650268554687500
338,338,0.000007629394531250000000,0.000008344650268554687500
339,339,0.000007390975952148437500,0.000008821487426757812500
340,340,0.000007390975952148437500,0.000008106231689453125000
341,341,0.000007152557373046875000,0.000008583068847656250000
342,342,0.000007629394531250000000,0.000007867813110351562500
343,343,0.000007152557373046875000,0.000008821487426757812500
344,344,0.000007629394531250000000,0.000008344650268554687500
345,345,0.000006914138793945312500,0.000009059906005859375000
346,346,0.000007629394531250000000,0.000008106231689453125000
347,347,0.000007390975952148437500,0.000008821487426757812500
348,348,0.000007390975952148437500,0.000008821487426757812500
349,349,0.000007867813110351562500,0.000009298324584960937500
350,350,0.000007867813110351562500,0.000009536743164062500000
351,351,0.000007867813110351562500,0.000008344650268554687500
352,352,0.000007390975952148437500,0.000009298324584960937500
353,353,0.000007629394531250000000,0.000008106231689453125000
354,354,0.000017404556274414062500,0.000008106231689453125000
355,355,0.000007390975952148437500,0.000008344650268554687500
356,356,0.000008106231689453125000,0.000008344650268554687500
357,357,0.000007390975952148437500,0.000009298324584960937500
358,358,0.000006914138793945312500,0.000008583068847656250000
359,359,0.000007629394531250000000,0.000008821487426757812500
360,360,0.000007152557373046875000,0.000019788742065429687500
361,361,0.000007390975952148437500,0.000008821487426757812500
362,362,0.000007152557373046875000,0.000008821487426757812500
363,363,0.000007629394531250000000,0.000008821487426757812500
364,364,0.000007152557373046875000,0.000008583068847656250000
365,365,0.000008106231689453125000,0.000007629394531250000000
366,366,0.000007867813110351562500,0.000019311904907226562500
367,367,0.000007629394531250000000,0.000008106231689453125000
368,368,0.000007390975952148437500,0.000008106231689453125000
369,369,0.000007867813110351562500,0.000008821487426757812500
370,370,0.000007390975952148437500,0.000009298324584960937500
371,371,0.000008344650268554687500,0.000008344650268554687500
372,372,0.000007629394531250000000,0.000029325485229492187500
373,373,0.000007629394531250000000,0.000007867813110351562500
374,374,0.000007390975952148437500,0.000008344650268554687500
375,375,0.000007152557373046875000,0.000008344650268554687500
376,376,0.000007152557373046875000,0.000008106231689453125000
377,377,0.000007390975952148437500,0.000008344650268554687500
378,378,0.000007390975952148437500,0.000009775161743164062500
379,379,0.000007629394531250000000,0.000008583068847656250000
380,380,0.000007390975952148437500,0.000008583068847656250000
381,381,0.000007152557373046875000,0.000008344650268554687500
382,382,0.000007629394531250000000,0.000008344650268554687500
383,383,0.000006914138793945312500,0.000008821487426757812500
384,384,0.000007390975952148437500,0.000010013580322265625000
385,385,0.000007152557373046875000,0.000009536743164062500000
386,386,0.000007390975952148437500,0.000008583068847656250000
387,387,0.000007152557373046875000,0.000008344650268554687500
388,388,0.000007629394531250000000,0.000008821487426757812500
389,389,0.000007390975952148437500,0.000007867813110351562500
390,390,0.000007867813110351562500,0.000008583068847656250000
391,391,0.000007152557373046875000,0.000008583068847656250000
392,392,0.000007390975952148437500,0.000008821487426757812500
393,393,0.000007629394531250000000,0.000008821487426757812500
394,394,0.000006914138793945312500,0.000008583068847656250000
395,395,0.000007629394531250000000,0.000008583068847656250000
396,396,0.000007152557373046875000,0.000009775161743164062500
397,397,0.000007390975952148437500,0.000008583068847656250000
398,398,0.000007152557373046875000,0.000008106231689453125000
399,399,0.000007629394531250000000,0.000009536743164062500000
400,400,0.000008106231689453125000,0.000008821487426757812500
401,401,0.000007152557373046875000,0.000009059906005859375000
402,402,0.000007390975952148437500,0.000008344650268554687500
403,403,0.000007867813110351562500,0.000008106231689453125000
404,404,0.000007867813110351562500,0.000008821487426757812500
405,405,0.000007390975952148437500,0.000008344650268554687500
406,406,0.000007390975952148437500,0.000008821487426757812500
407,407,0.000007390975952148437500,0.000008821487426757812500
408,408,0.000007152557373046875000,0.000008106231689453125000
409,409,0.000007390975952148437500,0.000008821487426757812500
410,410,0.000007629394531250000000,0.000008106231689453125000
411,411,0.000007390975952148437500,0.000009298324584960937500
412,412,0.000007629394531250000000,0.000008583068847656250000
413,413,0.000007390975952148437500,0.000008583068847656250000
414,414,0.000008344650268554687500,0.000008583068847656250000
415,415,0.000008344650268554687500,0.000008106231689453125000
416,416,0.000007629394531250000000,0.000008583068847656250000
417,417,0.000007390975952148437500,0.000008583068847656250000
418,418,0.000007629394531250000000,0.000008344650268554687500
419,419,0.000006914138793945312500,0.000008106231689453125000
420,420,0.000007867813110351562500,0.000009059906005859375000
421,421,0.000007390975952148437500,0.000009536743164062500000
422,422,0.000007867813110351562500,0.000007867813110351562500
423,423,0.000007629394531250000000,0.000008106231689453125000
424,424,0.000007390975952148437500,0.000009059906005859375000
425,425,0.000007390975952148437500,0.000008106231689453125000
426,426,0.000007629394531250000000,0.000007867813110351562500
427,427,0.000007152557373046875000,0.000009059906005859375000
428,428,0.000007390975952148437500,0.000008821487426757812500
429,429,0.000007390975952148437500,0.000008583068847656250000
430,430,0.000007152557373046875000,0.000008344650268554687500
431,431,0.000006437301635742187500,0.000009775161743164062500
432,432,0.000007390975952148437500,0.000009298324584960937500
433,433,0.000007629394531250000000,0.000008106231689453125000
434,434,0.000007629394531250000000,0.000008583068847656250000
435,435,0.000008106231689453125000,0.000009298324584960937500
436,436,0.000007152557373046875000,0.000009059906005859375000
437,437,0.000007867813110351562500,0.000008344650268554687500
438,438,0.000007152557373046875000,0.000008344650268554687500
439,439,0.000007629394531250000000,0.000008583068847656250000
440,440,0.000007152557373046875000,0.000008106231689453125000
441,441,0.000007629394531250000000,0.000009059906005859375000
442,442,0.000007867813110351562500,0.000008583068847656250000
443,443,0.000007390975952148437500,0.000008106231689453125000
444,444,0.000006914138793945312500,0.000008344650268554687500
445,445,0.000007152557373046875000,0.000009059906005859375000
446,446,0.000007390975952148437500,0.000008583068847656250000
447,447,0.000007629394531250000000,0.000008821487426757812500
448,448,0.000007867813110351562500,0.000008583068847656250000
449,449,0.000007390975952148437500,0.000008583068847656250000
450,450,0.000007390975952148437500,0.000008583068847656250000
451,451,0.000007629394531250000000,0.000007867813110351562500
452,452,0.000007390975952148437500,0.000008344650268554687500
453,453,0.000007152557373046875000,0.000008344650268554687500
454,454,0.000007629394531250000000,0.000007867813110351562500
455,455,0.000008106231689453125000,0.000007629394531250000000
456,456,0.000007390975952148437500,0.000007867813110351562500
457,457,0.000007867813110351562500,0.000009536743164062500000
458,458,0.000008344650268554687500,0.000008821487426757812500
459,459,0.000007867813110351562500,0.000008344650268554687500
460,460,0.000006914138793945312500,0.000020503997802734375000
461,461,0.000007629394531250000000,0.000008583068847656250000
462,462,0.000007629394531250000000,0.000008821487426757812500
463,463,0.000007390975952148437500,0.000008344650268554687500
464,464,0.000007390975952148437500,0.000009059906005859375000
465,465,0.000007390975952148437500,0.000008344650268554687500
466,466,0.000008106231689453125000,0.000010251998901367187500
467,467,0.000008106231689453125000,0.000008106231689453125000
468,468,0.000007152557373046875000,0.000009059906005859375000
469,469,0.000007390975952148437500,0.000008583068847656250000
470,470,0.000007390975952148437500,0.000008106231689453125000
471,471,0.000007390975952148437500,0.000008821487426757812500
472,472,0.000007867813110351562500,0.000008106231689453125000
473,473,0.000007152557373046875000,0.000008821487426757812500
474,474,0.000007390975952148437500,0.000008344650268554687500
475,475,0.000007390975952148437500,0.000008583068847656250000
476,476,0.000007629394531250000000,0.000008344650268554687500
477,477,0.000007390975952148437500,0.000008583068847656250000
478,478,0.000007152557373046875000,0.000008583068847656250000
479,479,0.000007629394531250000000,0.000008583068847656250000
480,480,0.000007629394531250000000,0.000008344650268554687500
481,481,0.000006437301635742187500,0.000007867813110351562500
482,482,0.000007629394531250000000,0.000008344650268554687500
483,483,0.000007390975952148437500,0.000008106231689453125000
484,484,0.000008344650268554687500,0.000008344650268554687500
485,485,0.000007629394531250000000,0.000007867813110351562500
486,486,0.000008106231689453125000,0.000007629394531250000000
487,487,0.000007629394531250000000,0.000008344650268554687500
488,488,0.000006914138793945312500,0.000008106231689453125000
489,489,0.000007867813110351562500,0.000009298324584960937500
490,490,0.000007867813110351562500,0.000008106231689453125000
491,491,0.000007867813110351562500,0.000008344650268554687500
492,492,0.000007390975952148437500,0.000008821487426757812500
493,493,0.000007867813110351562500,0.000008583068847656250000
494,494,0.000007152557373046875000,0.000007390975952148437500
495,495,0.000007867813110351562500,0.000008583068847656250000
496,496,0.000006675720214843750000,0.000008344650268554687500
497,497,0.000007629394531250000000,0.000008106231689453125000
498,498,0.000007152557373046875000,0.000008106231689453125000
499,499,0.000006914138793945312500,0.000008344650268554687500
500,500,0.000007152557373046875000,0.000009059906005859375000
501,501,0.000007629394531250000000,0.000007867813110351562500
502,502,0.000007152557373046875000,0.000008821487426757812500
503,503,0.000007867813110351562500,0.000007867813110351562500
504,504,0.000007629394531250000000,0.000008344650268554687500
505,505,0.000006914138793945312500,0.000008583068847656250000
506,506,0.000007152557373046875000,0.000008821487426757812500
507,507,0.000007390975952148437500,0.000009536743164062500000
508,508,0.000007152557373046875000,0.000008821487426757812500
509,509,0.000007867813110351562500,0.000008344650268554687500
510,510,0.000007152557373046875000,0.000008106231689453125000
511,511,0.000007390975952148437500,0.000008583068847656250000
512,512,0.000007152557373046875000,0.000008583068847656250000
513,513,0.000017881393432617187500,0.000008821487426757812500
514,514,0.000007629394531250000000,0.000008821487426757812500
515,515,0.000007390975952148437500,0.000008344650268554687500
516,516,0.000007390975952148437500,0.000009059906005859375000
517,517,0.000007390975952148437500,0.000008821487426757812500
518,518,0.000007152557373046875000,0.000008583068847656250000
519,519,0.000007152557373046875000,0.000008821487426757812500
520,520,0.000004768371582031250000,0.000004529953002929687500
521,521,0.000004768371582031250000,0.000004291534423828125000
522,522,0.000004529953002929687500,0.000004291534423828125000
523,523,0.000004529953002929687500,0.000004053115844726562500
524,524,0.000004291534423828125000,0.000004529953002929687500
525,525,0.000004529953002929687500,0.000005006790161132812500
526,526,0.000004291534423828125000,0.000004529953002929687500
527,527,0.000004529953002929687500,0.000004768371582031250000
528,528,0.000004291534423828125000,0.000004529953002929687500
529,529,0.000004529953002929687500,0.000004291534423828125000
530,530,0.000004529953002929687500,0.000004529953002929687500
531,531,0.000004529953002929687500,0.000004291534423828125000
532,532,0.000004768371582031250000,0.000004529953002929687500
533,533,0.000004291534423828125000,0.000004768371582031250000
534,534,0.000004529953002929687500,0.000004768371582031250000
535,535,0.000004768371582031250000,0.000004291534423828125000
536,536,0.000004529953002929687500,0.000004529953002929687500
537,537,0.000004529953002929687500,0.000004053115844726562500
538,538,0.000004529953002929687500,0.000004291534423828125000
539,539,0.000004768371582031250000,0.000004291534423828125000
540,540,0.000004529953002929687500,0.000004053115844726562500
541,541,0.000004529953002929687500,0.000005006790161132812500
542,542,0.000004768371582031250000,0.000004529953002929687500
543,543,0.000004768371582031250000,0.000004768371582031250000
544,544,0.000004291534423828125000,0.000004529953002929687500
545,545,0.000004291534423828125000,0.000004768371582031250000
546,546,0.000004529953002929687500,0.000004768371582031250000
547,547,0.000004529953002929687500,0.000004529953002929687500
548,548,0.000004768371582031250000,0.000004529953002929687500
549,549,0.000004291534423828125000,0.000004768371582031250000
550,550,0.000004529953002929687500,0.000004291534423828125000
551,551,0.000004529953002929687500,0.000004768371582031250000
552,552,0.000004529953002929687500,0.000004291534423828125000
553,553,0.000004291534423828125000,0.000004768371582031250000
554,554,0.000004768371582031250000,0.000004291534423828125000
555,555,0.000004529953002929687500,0.000004529953002929687500
556,556,0.000004291534423828125000,0.000004529953002929687500
557,557,0.000004529953002929687500,0.000005245208740234375000
558,558,0.000004529953002929687500,0.000004291534423828125000
559,559,0.000004768371582031250000,0.000004053115844726562500
560,560,0.000004768371582031250000,0.000004768371582031250000
561,561,0.000004291534423828125000,0.000004053115844726562500
562,562,0.000004291534423828125000,0.000004053115844726562500
563,563,0.000004529953002929687500,0.000004529953002929687500
564,564,0.000004291534423828125000,0.000004291534423828125000
565,565,0.000004291534423828125000,0.000004291534423828125000
566,566,0.000004529953002929687500,0.000004291534423828125000
567,567,0.000004768371582031250000,0.000004768371582031250000
568,568,0.000004291534423828125000,0.000004768371582031250000
569,569,0.000004291534423828125000,0.000004768371582031250000
570,570,0.000004291534423828125000,0.000004291534423828125000
571,571,0.000004291534423828125000,0.000004529953002929687500
572,572,0.000004529953002929687500,0.000004053115844726562500
573,573,0.000004291534423828125000,0.000004768371582031250000
574,574,0.000004291534423828125000,0.000004768371582031250000
575,575,0.000004529953002929687500,0.000004768371582031250000
576,576,0.000004291534423828125000,0.000004768371582031250000
577,577,0.000004529953002929687500,0.000004291534423828125000
578,578,0.000004529953002929687500,0.000004291534423828125000
579,579,0.000004529953002929687500,0.000004529953002929687500
580,580,0.000004529953002929687500,0.000004291534423828125000
581,581,0.000004291534423828125000,0.000004291534423828125000
582,582,0.000004768371582031250000,0.000004291534423828125000
583,583,0.000004768371582031250000,0.000004768371582031250000
584,584,0.000004529953002929687500,0.000004529953002929687500
585,585,0.000004529953002929687500,0.000004768371582031250000
586,586,0.000004529953002929687500,0.000004053115844726562500
587,587,0.000004529953002929687500,0.000004291534423828125000
588,588,0.000004529953002929687500,0.000004529953002929687500
589,589,0.000004529953002929687500,0.000004529953002929687500
590,590,0.000004529953002929687500,0.000004291534423828125000
591,591,0.000004291534423828125000,0.000004291534423828125000
592,592,0.000004291534423828125000,0.000004053115844726562500
593,593,0.000004529953002929687500,0.000004529953002929687500
594,594,0.000004291534423828125000,0.000004291534423828125000
595,595,0.000004291534423828125000,0.000004529953002929687500
596,596,0.000004529953002929687500,0.000005006790161132812500
597,597,0.000004529953002929687500,0.000004529953002929687500
598,598,0.000004291534423828125000,0.000004291534423828125000
599,599,0.000004529953002929687500,0.000004529953002929687500
600,600,0.000004768371582031250000,0.000004768371582031250000
601,601,0.000004291534423828125000,0.000004768371582031250000
602,602,0.000004529953002929687500,0.000004291534423828125000
603,603,0.000004529953002929687500,0.000004529953002929687500
604,604,0.000004768371582031250000,0.000004053115844726562500
605,605,0.000004291534423828125000,0.000004053115844726562500
606,606,0.000004529953002929687500,0.000004291534423828125000
607,607,0.000004529953002929687500,0.000004291534423828125000
608,608,0.000004529953002929687500,0.000004529953002929687500
609,609,0.000004291534423828125000,0.000004529953002929687500
610,610,0.000004291534423828125000,0.000004053115844726562500
611,611,0.000004291534423828125000,0.000004529953002929687500
612,612,0.000004529953002929687500,0.000004768371582031250000
613,613,0.000004529953002929687500,0.000004529953002929687500
614,614,0.000004768371582031250000,0.000004053115844726562500
615,615,0.000004529953002929687500,0.000004291534423828125000
616,616,0.000004768371582031250000,0.000004053115844726562500
617,617,0.000004529953002929687500,0.000004053115844726562500
618,618,0.000004529953002929687500,0.000004529953002929687500
619,619,0.000004291534423828125000,0.000004529953002929687500
620,620,0.000004291534423828125000,0.000004768371582031250000
621,621,0.000004529953002929687500,0.000004529953002929687500
622,622,0.000004768371582031250000,0.000004529953002929687500
623,623,0.000004291534423828125000,0.000004529953002929687500
624,624,0.000004529953002929687500,0.000004291534423828125000
625,625,0.000004768371582031250000,0.000004768371582031250000
626,626,0.000004529953002929687500,0.000004529953002929687500
627,627,0.000004768371582031250000,0.000004529953002929687500
628,628,0.000004529953002929687500,0.000004529953002929687500
629,629,0.000004768371582031250000,0.000004053115844726562500
630,630,0.000004291534423828125000,0.000005006790161132812500
631,631,0.000004529953002929687500,0.000004291534423828125000
632,632,0.000004291534423828125000,0.000004529953002929687500
633,633,0.000004291534423828125000,0.000004291534423828125000
634,634,0.000004291534423828125000,0.000004291534423828125000
635,635,0.000004529953002929687500,0.000004768371582031250000
636,636,0.000004291534423828125000,0.000004529953002929687500
637,637,0.000004529953002929687500,0.000004529953002929687500
638,638,0.000004529953002929687500,0.000004291534423828125000
639,639,0.000004529953002929687500,0.000004529953002929687500
640,640,0.000004529953002929687500,0.000004291534423828125000
641,641,0.000004291534423828125000,0.000004768371582031250000
642,642,0.000004529953002929687500,0.000004768371582031250000
643,643,0.000004768371582031250000,0.000004768371582031250000
644,644,0.000004768371582031250000,0.000004291534423828125000
645,645,0.000004291534423828125000,0.000004768371582031250000
646,646,0.000004529953002929687500,0.000004768371582031250000
647,647,0.000004768371582031250000,0.000004291534423828125000
648,648,0.000004291534423828125000,0.000004529953002929687500
649,649,0.000004291534423828125000,0.000004768371582031250000
650,650,0.000004768371582031250000,0.000004768371582031250000
651,651,0.000004529953002929687500,0.000004053115844726562500
652,652,0.000004291534423828125000,0.000004291534423828125000
653,653,0.000004529953002929687500,0.000004053115844726562500
654,654,0.000004529953002929687500,0.000004768371582031250000
655,655,0.000007152557373046875000,0.000008821487426757812500
656,656,0.000008344650268554687500,0.000009059906005859375000
657,657,0.000007390975952148437500,0.000008583068847656250000
658,658,0.000006914138793945312500,0.000007867813110351562500
659,659,0.000007629394531250000000,0.000007390975952148437500
660,660,0.000007152557373046875000,0.000008821487426757812500
661,661,0.000007629394531250000000,0.000008106231689453125000
662,662,0.000007152557373046875000,0.000008344650268554687500
663,663,0.000007629394531250000000,0.000008583068847656250000
664,664,0.000006914138793945312500,0.000008106231689453125000
665,665,0.000008106231689453125000,0.000009298324584960937500
666,666,0.000007152557373046875000,0.000007390975952148437500
667,667,0.000006437301635742187500,0.000007867813110351562500
668,668,0.000007152557373046875000,0.000009536743164062500000
669,669,0.000007390975952148437500,0.000008821487426757812500
670,670,0.000007390975952148437500,0.000009059906005859375000
671,671,0.000007390975952148437500,0.000009298324584960937500
672,672,0.000007390975952148437500,0.000007867813110351562500
673,673,0.000007152557373046875000,0.000007867813110351562500
674,674,0.000007390975952148437500,0.000007152557373046875000
675,675,0.000007867813110351562500,0.000008106231689453125000
676,676,0.000007152557373046875000,0.000009059906005859375000
677,677,0.000007390975952148437500,0.000008344650268554687500
678,678,0.000007390975952148437500,0.000008106231689453125000
679,679,0.000007390975952148437500,0.000008583068847656250000
680,680,0.000006914138793945312500,0.000008106231689453125000
681,681,0.000007867813110351562500,0.000008821487426757812500
682,682,0.000006675720214843750000,0.000009059906005859375000
683,683,0.000007629394531250000000,0.000008106231689453125000
684,684,0.000007390975952148437500,0.000008106231689453125000
685,685,0.000007390975952148437500,0.000008344650268554687500
686,686,0.000007152557373046875000,0.000007867813110351562500
687,687,0.000007390975952148437500,0.000007629394531250000000
688,688,0.000006914138793945312500,0.000007152557373046875000
689,689,0.000006914138793945312500,0.000007152557373046875000
690,690,0.000007390975952148437500,0.000009059906005859375000
691,691,0.000007152557373046875000,0.000008106231689453125000
692,692,0.000007152557373046875000,0.000008583068847656250000
693,693,0.000007152557373046875000,0.000008583068847656250000
694,694,0.000007152557373046875000,0.000008106231689453125000
695,695,0.000006914138793945312500,0.000008344650268554687500
696,696,0.000007390975952148437500,0.000008821487426757812500
697,697,0.000007867813110351562500,0.000008344650268554687500
698,698,0.000007867813110351562500,0.000008106231689453125000
699,699,0.000006914138793945312500,0.000007629394531250000000
700,700,0.000007390975952148437500,0.000007152557373046875000
701,701,0.000007390975952148437500,0.000007629394531250000000
702,702,0.000007629394531250000000,0.000007629394531250000000
703,703,0.000007629394531250000000,0.000008583068847656250000
704,704,0.000007390975952148437500,0.000008106231689453125000
705,705,0.000007152557373046875000,0.000006914138793945312500
706,706,0.000007152557373046875000,0.000008106231689453125000
707,707,0.000007629394531250000000,0.000008106231689453125000
708,708,0.000006675720214843750000,0.000007390975952148437500
709,709,0.000007629394531250000000,0.000027894973754882812500
710,710,0.000007152557373046875000,0.000008344650268554687500
711,711,0.000006914138793945312500,0.000008106231689453125000
712,712,0.000007629394531250000000,0.000008106231689453125000
713,713,0.000007152557373046875000,0.000008821487426757812500
714,714,0.000007152557373046875000,0.000008583068847656250000
715,715,0.000006437301635742187500,0.000009536743164062500000
716,716,0.000006675720214843750000,0.000008583068847656250000
717,717,0.000007152557373046875000,0.000008583068847656250000
718,718,0.000007152557373046875000,0.000007629394531250000000
719,719,0.000007867813110351562500,0.000008106231689453125000
720,720,0.000007152557373046875000,0.000008583068847656250000
721,721,0.000006675720214843750000,0.000008821487426757812500
722,722,0.000006675720214843750000,0.000008344650268554687500
723,723,0.000007152557373046875000,0.000008344650268554687500
724,724,0.000007390975952148437500,0.000008344650268554687500
725,725,0.000007390975952148437500,0.000008821487426757812500
726,726,0.000007152557373046875000,0.000008583068847656250000
727,727,0.000007629394531250000000,0.000008821487426757812500
728,728,0.000007152557373046875000,0.000008344650268554687500
729,729,0.000006914138793945312500,0.000008344650268554687500
730,730,0.000007152557373046875000,0.000007629394531250000000
731,731,0.000007390975952148437500,0.000008344650268554687500
732,732,0.000007390975952148437500,0.000007152557373046875000
733,733,0.000006914138793945312500,0.000008106231689453125000
734,734,0.000007390975952148437500,0.000009298324584960937500
735,735,0.000007152557373046875000,0.000008106231689453125000
736,736,0.000006675720214843750000,0.000008344650268554687500
737,737,0.000007629394531250000000,0.000006914138793945312500
738,738,0.000007390975952148437500,0.000008583068847656250000
739,739,0.000006675720214843750000,0.000008821487426757812500
740,740,0.000007629394531250000000,0.000008583068847656250000
741,741,0.000007152557373046875000,0.000007867813110351562500
742,742,0.000007390975952148437500,0.000007390975952148437500
743,743,0.000007629394531250000000,0.000008821487426757812500
744,744,0.000006914138793945312500,0.000008344650268554687500
745,745,0.000006437301635742187500,0.000008821487426757812500
746,746,0.000007152557373046875000,0.000008344650268554687500
747,747,0.000007629394531250000000,0.000008344650268554687500
748,748,0.000007152557373046875000,0.000007390975952148437500
749,749,0.000007629394531250000000,0.000007867813110351562500
750,750,0.000007629394531250000000,0.000008344650268554687500
751,751,0.000007390975952148437500,0.000009059906005859375000
752,752,0.000007629394531250000000,0.000007629394531250000000
753,753,0.000007390975952148437500,0.000008106231689453125000
754,754,0.000007152557373046875000,0.000008106231689453125000
755,755,0.000007152557373046875000,0.000008821487426757812500
756,756,0.000007152557373046875000,0.000007867813110351562500
757,757,0.000007152557373046875000,0.000008106231689453125000
758,758,0.000007390975952148437500,0.000008344650268554687500
759,759,0.000006914138793945312500,0.000008344650268554687500
760,760,0.000007390975952148437500,0.000008344650268554687500
761,761,0.000007152557373046875000,0.000009298324584960937500
762,762,0.000007867813110351562500,0.000008344650268554687500
763,763,0.000007390975952148437500,0.000009059906005859375000
764,764,0.000007390975952148437500,0.000008106231689453125000
765,765,0.000007629394531250000000,0.000008344650268554687500
766,766,0.000007390975952148437500,0.000008106231689453125000
767,767,0.000007152557373046875000,0.000008106231689453125000
768,768,0.000007629394531250000000,0.000008583068847656250000
769,769,0.000006675720214843750000,0.000008344650268554687500
770,770,0.000007867813110351562500,0.000008821487426757812500
771,771,0.000007629394531250000000,0.000007867813110351562500
772,772,0.000007152557373046875000,0.000008106231689453125000
773,773,0.000006914138793945312500,0.000008106231689453125000
774,774,0.000007390975952148437500,0.000007867813110351562500
775,775,0.000006914138793945312500,0.000007867813110351562500
776,776,0.000007390975952148437500,0.000007390975952148437500
777,777,0.000007152557373046875000,0.000008106231689453125000
778,778,0.000006914138793945312500,0.000008344650268554687500
779,779,0.000006437301635742187500,0.000008344650268554687500
780,780,0.000007152557373046875000,0.000007629394531250000000
781,781,0.000007152557373046875000,0.000008344650268554687500
782,782,0.000006198883056640625000,0.000007629394531250000000
783,783,0.000007152557373046875000,0.000008344650268554687500
784,784,0.000006914138793945312500,0.000008106231689453125000
785,785,0.000007152557373046875000,0.000008344650268554687500
786,786,0.000007152557373046875000,0.000008344650268554687500
787,787,0.000006914138793945312500,0.000007867813110351562500
788,788,0.000007390975952148437500,0.000007867813110351562500
789,789,0.000007152557373046875000,0.000007867813110351562500
790,790,0.000006914138793945312500,0.000007629394531250000000
791,791,0.000007390975952148437500,0.000007867813110351562500
792,792,0.000006675720214843750000,0.000008583068847656250000
793,793,0.000007152557373046875000,0.000008344650268554687500
794,794,0.000007629394531250000000,0.000007629394531250000000
795,795,0.000007152557373046875000,0.000008344650268554687500
796,796,0.000006914138793945312500,0.000007867813110351562500
797,797,0.000007629394531250000000,0.000007867813110351562500
798,798,0.000007390975952148437500,0.000007390975952148437500
799,799,0.000006198883056640625000,0.000007152557373046875000
800,800,0.000007867813110351562500,0.000008821487426757812500
801,801,0.000007390975952148437500,0.000007867813110351562500
802,802,0.000006914138793945312500,0.000008583068847656250000
803,803,0.000007629394531250000000,0.000008344650268554687500
804,804,0.000006437301635742187500,0.000007867813110351562500
805,805,0.000006437301635742187500,0.000007867813110351562500
806,806,0.000006914138793945312500,0.000007152557373046875000
807,807,0.000007629394531250000000,0.000008106231689453125000
808,808,0.000007152557373046875000,0.000008106231689453125000
809,809,0.000007629394531250000000,0.000007390975952148437500
810,810,0.000007390975952148437500,0.000007390975952148437500
811,811,0.000007390975952148437500,0.000007390975952148437500
812,812,0.000006914138793945312500,0.000008106231689453125000
813,813,0.000007629394531250000000,0.000008106231689453125000
814,814,0.000007629394531250000000,0.000007867813110351562500
815,815,0.000007152557373046875000,0.000007867813110351562500
816,816,0.000007152557373046875000,0.000007867813110351562500
817,817,0.000007390975952148437500,0.000008106231689453125000
818,818,0.000007629394531250000000,0.000008583068847656250000
819,819,0.000007629394531250000000,0.000007867813110351562500
820,820,0.000007152557373046875000,0.000007867813110351562500
821,821,0.000007390975952148437500,0.000008344650268554687500
822,822,0.000007390975952148437500,0.000007390975952148437500
823,823,0.000007152557373046875000,0.000007629394531250000000
824,824,0.000007390975952148437500,0.000007152557373046875000
825,825,0.000006914138793945312500,0.000008106231689453125000
826,826,0.000007390975952148437500,0.000007629394531250000000
827,827,0.000007152557373046875000,0.000008821487426757812500
828,828,0.000007152557373046875000,0.000007867813110351562500
829,829,0.000006914138793945312500,0.000007867813110351562500
830,830,0.000007629394531250000000,0.000007390975952148437500
831,831,0.000006914138793945312500,0.000008344650268554687500
832,832,0.000006675720214843750000,0.000008106231689453125000
833,833,0.000022411346435546875000,0.000008583068847656250000
834,834,0.000006914138793945312500,0.000008106231689453125000
835,835,0.000007629394531250000000,0.000007390975952148437500
836,836,0.000007152557373046875000,0.000007629394531250000000
837,837,0.000007152557373046875000,0.000008106231689453125000
838,838,0.000007152557373046875000,0.000007867813110351562500
839,839,0.000007390975952148437500,0.000007629394531250000000
840,840,0.000007390975952148437500,0.000008106231689453125000
841,841,0.000006914138793945312500,0.000008344650268554687500
842,842,0.000006437301635742187500,0.000007629394531250000000
843,843,0.000007390975952148437500,0.000007867813110351562500
844,844,0.000007152557373046875000,0.000007629394531250000000
845,845,0.000007152557373046875000,0.000008106231689453125000
846,846,0.000007152557373046875000,0.000007629394531250000000
847,847,0.000007390975952148437500,0.000007867813110351562500
848,848,0.000007152557373046875000,0.000007867813110351562500
849,849,0.000007390975952148437500,0.000008106231689453125000
850,850,0.000007629394531250000000,0.000007867813110351562500
851,851,0.000007390975952148437500,0.000007629394531250000000
852,852,0.000007152557373046875000,0.000008106231689453125000
853,853,0.000007390975952148437500,0.000007629394531250000000
854,854,0.000007629394531250000000,0.000007390975952148437500
855,855,0.000007152557373046875000,0.000008344650268554687500
856,856,0.000007152557373046875000,0.000007867813110351562500
857,857,0.000006914138793945312500,0.000008106231689453125000
858,858,0.000007390975952148437500,0.000007629394531250000000
859,859,0.000008106231689453125000,0.000007629394531250000000
860,860,0.000007152557373046875000,0.000007152557373046875000
861,861,0.000007152557373046875000,0.000008106231689453125000
862,862,0.000007152557373046875000,0.000007867813110351562500
863,863,0.000006914138793945312500,0.000008344650268554687500
864,864,0.000007629394531250000000,0.000008344650268554687500
865,865,0.000024318695068359375000,0.000009059906005859375000
866,866,0.000007390975952148437500,0.000007629394531250000000
867,867,0.000007629394531250000000,0.000008583068847656250000
868,868,0.000007629394531250000000,0.000008106231689453125000
869,869,0.000006198883056640625000,0.000008106231689453125000
870,870,0.000006914138793945312500,0.000007867813110351562500
871,871,0.000007390975952148437500,0.000008344650268554687500
872,872,0.000007629394531250000000,0.000008344650268554687500
873,873,0.000007867813110351562500,0.000007390975952148437500
874,874,0.000007152557373046875000,0.000008106231689453125000
875,875,0.000007390975952148437500,0.000007390975952148437500
876,876,0.000007390975952148437500,0.000008821487426757812500
877,877,0.000007152557373046875000,0.000007629394531250000000
878,878,0.000007629394531250000000,0.000007390975952148437500
879,879,0.000007152557373046875000,0.000007629394531250000000
880,880,0.000007152557373046875000,0.000008106231689453125000
881,881,0.000007152557373046875000,0.000007867813110351562500
882,882,0.000007629394531250000000,0.000007152557373046875000
883,883,0.000007152557373046875000,0.000007629394531250000000
884,884,0.000017166137695312500000,0.000008344650268554687500
885,885,0.000007390975952148437500,0.000008344650268554687500
886,886,0.000006914138793945312500,0.000007629394531250000000
887,887,0.000007390975952148437500,0.000007629394531250000000
888,888,0.000007390975952148437500,0.000008583068847656250000
889,889,0.000007152557373046875000,0.000008583068847656250000
890,890,0.000007152557373046875000,0.000007867813110351562500
891,891,0.000007629394531250000000,0.000007867813110351562500
892,892,0.000007629394531250000000,0.000007629394531250000000
893,893,0.000007390975952148437500,0.000007867813110351562500
894,894,0.000007152557373046875000,0.000007152557373046875000
895,895,0.000007152557373046875000,0.000008344650268554687500
896,896,0.000007629394531250000000,0.000007390975952148437500
897,897,0.000007390975952148437500,0.000007867813110351562500
898,898,0.000007390975952148437500,0.000008344650268554687500
899,899,0.000007152557373046875000,0.000008106231689453125000
900,900,0.000007867813110351562500,0.000009059906005859375000
901,901,0.000007152557373046875000,0.000008583068847656250000
902,902,0.000007390975952148437500,0.000009059906005859375000
903,903,0.000008106231689453125000,0.000008344650268554687500
904,904,0.000007390975952148437500,0.000009536743164062500000
905,905,0.000008106231689453125000,0.000007867813110351562500
906,906,0.000007629394531250000000,0.000007867813110351562500
907,907,0.000007867813110351562500,0.000009059906005859375000
908,908,0.000007867813110351562500,0.000008106231689453125000
909,909,0.000007867813110351562500,0.000008821487426757812500
910,910,0.000007629394531250000000,0.000008583068847656250000
911,911,0.000007390975952148437500,0.000008583068847656250000
912,912,0.000007629394531250000000,0.000008344650268554687500
913,913,0.000007629394531250000000,0.000008344650268554687500
914,914,0.000007390975952148437500,0.000007867813110351562500
915,915,0.000007629394531250000000,0.000008821487426757812500
916,916,0.000007629394531250000000,0.000008583068847656250000
917,917,0.000007152557373046875000,0.000008106231689453125000
918,918,0.000007629394531250000000,0.000008583068847656250000
919,919,0.000006914138793945312500,0.000008821487426757812500
920,920,0.000007390975952148437500,0.000009059906005859375000
921,921,0.000007629394531250000000,0.000008583068847656250000
922,922,0.000007390975952148437500,0.000008583068847656250000
923,923,0.000007629394531250000000,0.000008821487426757812500
924,924,0.000005960464477539062500,0.000006914138793945312500
925,925,0.000007390975952148437500,0.000007152557373046875000
926,926,0.000007390975952148437500,0.000009059906005859375000
927,927,0.000007867813110351562500,0.000009775161743164062500
928,928,0.000007390975952148437500,0.000008821487426757812500
929,929,0.000007390975952148437500,0.000008821487426757812500
930,930,0.000006914138793945312500,0.000009059906005859375000
931,931,0.000007629394531250000000,0.000007867813110351562500
932,932,0.000007152557373046875000,0.000009775161743164062500
933,933,0.000007152557373046875000,0.000008583068847656250000
934,934,0.000006675720214843750000,0.000008106231689453125000
935,935,0.000007152557373046875000,0.000008583068847656250000
936,936,0.000007867813110351562500,0.000008583068847656250000
937,937,0.000006914138793945312500,0.000008821487426757812500
938,938,0.000006914138793945312500,0.000008583068847656250000
939,939,0.000007152557373046875000,0.000009298324584960937500
940,940,0.000006675720214843750000,0.000007629394531250000000
941,941,0.000007390975952148437500,0.000007867813110351562500
942,942,0.000007152557373046875000,0.000006914138793945312500
943,943,0.000007390975952148437500,0.000008583068847656250000
944,944,0.000007390975952148437500,0.000007152557373046875000
945,945,0.000007390975952148437500,0.000008821487426757812500
946,946,0.000007152557373046875000,0.000008583068847656250000
947,947,0.000006914138793945312500,0.000007629394531250000000
948,948,0.000007152557373046875000,0.000007390975952148437500
949,949,0.000007390975952148437500,0.000007152557373046875000
950,950,0.000007390975952148437500,0.000008106231689453125000
951,951,0.000007390975952148437500,0.000007629394531250000000
952,952,0.000006675720214843750000,0.000008106231689453125000
953,953,0.000006914138793945312500,0.000007152557373046875000
954,954,0.000006914138793945312500,0.000008821487426757812500
955,955,0.000006914138793945312500,0.000008106231689453125000
956,956,0.000007629394531250000000,0.000006914138793945312500
957,957,0.000006914138793945312500,0.000008344650268554687500
958,958,0.000007152557373046875000,0.000007629394531250000000
959,959,0.000007867813110351562500,0.000007390975952148437500
960,960,0.000006437301635742187500,0.000008106231689453125000
961,961,0.000007152557373046875000,0.000006675720214843750000
962,962,0.000007152557373046875000,0.000007867813110351562500
963,963,0.000007390975952148437500,0.000007152557373046875000
964,964,0.000006675720214843750000,0.000007867813110351562500
965,965,0.000007867813110351562500,0.000007867813110351562500
966,966,0.000007152557373046875000,0.000008583068847656250000
967,967,0.000007152557373046875000,0.000007867813110351562500
968,968,0.000008583068847656250000,0.000009059906005859375000
969,969,0.000007152557373046875000,0.000008583068847656250000
970,970,0.000006914138793945312500,0.000007867813110351562500
971,971,0.000007390975952148437500,0.000019073486328125000000
972,972,0.000007152557373046875000,0.000008106231689453125000
973,973,0.000006914138793945312500,0.000008106231689453125000
974,974,0.000007390975952148437500,0.000007390975952148437500
975,975,0.000007629394531250000000,0.000007152557373046875000
976,976,0.000007152557373046875000,0.000007390975952148437500
977,977,0.000007867813110351562500,0.000008106231689453125000
978,978,0.000007390975952148437500,0.000007629394531250000000
979,979,0.000006914138793945312500,0.000007629394531250000000
980,980,0.000006675720214843750000,0.000007867813110351562500
981,981,0.000006675720214843750000,0.000007867813110351562500
982,982,0.000006437301635742187500,0.000007629394531250000000
983,983,0.000007390975952148437500,0.000006914138793945312500
984,984,0.000006675720214843750000,0.000008106231689453125000
985,985,0.000008106231689453125000,0.000006914138793945312500
986,986,0.000007629394531250000000,0.000007867813110351562500
987,987,0.000007152557373046875000,0.000007390975952148437500
988,988,0.000006675720214843750000,0.000008821487426757812500
989,989,0.000007390975952148437500,0.000007867813110351562500
990,990,0.000007152557373046875000,0.000007629394531250000000
991,991,0.000007629394531250000000,0.000006675720214843750000
992,992,0.000007390975952148437500,0.000007629394531250000000
993,993,0.000007152557373046875000,0.000007152557373046875000
994,994,0.000007867813110351562500,0.000007629394531250000000
995,995,0.000006437301635742187500,0.000007390975952148437500
996,996,0.000006914138793945312500,0.000008344650268554687500
997,997,0.000007390975952148437500,0.000008344650268554687500
998,998,0.000007390975952148437500,0.000007867813110351562500
999,999,0.000007152557373046875000,0.000006914138793945312500
1000,1000,0.000007152557373046875000,0.000006914138793945312500
