1,1,0.000946521759033203125000,0.000538349151611328125000
2,2,0.000907897949218750000000,0.000447034835815429687500
3,3,0.000959396362304687500000,0.000539779663085937500000
4,4,0.001024723052978515625000,0.000522375106811523437500
5,5,0.000912427902221679687500,0.000436067581176757812500
6,6,0.001057386398315429687500,0.000518321990966796875000
7,7,0.000917196273803710937500,0.000433683395385742187500
8,8,0.000973701477050781250000,0.000683069229125976562500
9,9,0.000966072082519531250000,0.000486135482788085937500
10,10,0.000907421112060546875000,0.000442743301391601562500
11,11,0.001040458679199218750000,0.000545740127563476562500
12,12,0.000924348831176757812500,0.000406980514526367187500
13,13,0.001045227050781250000000,0.000517368316650390625000
14,14,0.000905275344848632812500,0.000432968139648437500000
15,15,0.000902652740478515625000,0.000653505325317382812500
16,16,0.001060009002685546875000,0.000458002090454101562500
17,17,0.000919818878173828125000,0.000401735305786132812500
18,18,0.001031875610351562500000,0.000545740127563476562500
19,19,0.000895500183105468750000,0.000447273254394531250000
20,20,0.000924587249755859375000,0.000449419021606445312500
21,21,0.001052141189575195312500,0.000655412673950195312500
22,22,0.000953912734985351562500,0.000408411026000976562500
23,23,0.001063823699951171875000,0.000526666641235351562500
24,24,0.000901460647583007812500,0.000575542449951171875000
25,25,0.000788927078247070312500,0.000503778457641601562500
26,26,0.000971317291259765625000,0.000458955764770507812500
27,27,0.000862360000610351562500,0.000409126281738281250000
28,28,0.000918865203857421875000,0.000619411468505859375000
29,29,0.000814437866210937500000,0.000397920608520507812500
30,30,0.000898838043212890625000,0.000425338745117187500000
31,31,0.000910282135009765625000,0.000470399856567382812500
32,32,0.000982999801635742187500,0.000449180603027343750000
33,33,0.000917434692382812500000,0.000367641448974609375000
34,34,0.000949621200561523437500,0.000436305999755859375000
35,35,0.001030683517456054687500,0.000550746917724609375000
36,36,0.000916242599487304687500,0.000478506088256835937500
37,37,0.000918149948120117187500,0.000523805618286132812500
38,38,0.001019239425659179687500,0.000480890274047851562500
39,39,0.000948190689086914062500,0.000531435012817382812500
40,40,0.001040458679199218750000,0.000545978546142578125000
41,41,0.000895261764526367187500,0.000528812408447265625000
42,42,0.000920057296752929687500,0.000696420669555664062500
43,43,0.001030206680297851562500,0.000491857528686523437500
44,44,0.000927686691284179687500,0.000544071197509765625000
45,45,0.001049757003784179687500,0.000612974166870117187500
46,46,0.000913858413696289062500,0.000444889068603515625000
47,47,0.000987052917480468750000,0.000496387481689453125000
48,48,0.000988483428955078125000,0.000533580780029296875000
49,49,0.000911235809326171875000,0.000420570373535156250000
50,50,0.001054048538208007812500,0.000624656677246093750000
51,51,0.000903367996215820312500,0.000527620315551757812500
52,52,0.001052856445312500000000,0.000569105148315429687500
53,53,0.000938892364501953125000,0.000674486160278320312500
54,54,0.000940322875976562500000,0.000554561614990234375000
55,55,0.001007080078125000000000,0.000443935394287109375000
56,56,0.000899791717529296875000,0.000462532043457031250000
57,57,0.001056671142578125000000,0.000509023666381835937500
58,58,0.000905752182006835937500,0.000522375106811523437500
59,59,0.000928401947021484375000,0.000594139099121093750000
60,60,0.000949859619140625000000,0.000490665435791015625000
61,61,0.000913619995117187500000,0.000608682632446289062500
62,62,0.001016139984130859375000,0.000436305999755859375000
63,63,0.000962495803833007812500,0.000658512115478515625000
64,64,0.001014471054077148437500,0.000538110733032226562500
65,65,0.000927448272705078125000,0.000404119491577148437500
66,66,0.000919580459594726562500,0.000517606735229492187500
67,67,0.001051664352416992187500,0.000460863113403320312500
68,68,0.000893831253051757812500,0.000453233718872070312500
69,69,0.001047849655151367187500,0.000497341156005859375000
70,70,0.000961780548095703125000,0.000531673431396484375000
71,71,0.000920057296752929687500,0.000621080398559570312500
72,72,0.001021623611450195312500,0.000500202178955078125000
73,73,0.000954389572143554687500,0.000484466552734375000000
74,74,0.001098394393920898437500,0.000521421432495117187500
75,75,0.000900745391845703125000,0.000580549240112304687500
76,76,0.001037836074829101562500,0.000636339187622070312500
77,77,0.000970125198364257812500,0.000419616699218750000000
78,78,0.000923871994018554687500,0.000478506088256835937500
79,79,0.001013517379760742187500,0.000406503677368164062500
80,80,0.000920534133911132812500,0.000504732131958007812500
81,81,0.001057863235473632812500,0.000602483749389648437500
82,82,0.000916719436645507812500,0.000481367111206054687500
83,83,0.000979661941528320312500,0.000530242919921875000000
84,84,0.001000404357910156250000,0.000617742538452148437500
85,85,0.000931739807128906250000,0.000464439392089843750000
86,86,0.001062870025634765625000,0.000505685806274414062500
87,87,0.000913858413696289062500,0.000509262084960937500000
88,88,0.001073122024536132812500,0.000523805618286132812500
89,89,0.000925779342651367187500,0.000416517257690429687500
90,90,0.001045703887939453125000,0.000544786453247070312500
91,91,0.000916481018066406250000,0.000398159027099609375000
92,92,0.001056194305419921875000,0.000535249710083007812500
93,93,0.000930309295654296875000,0.000455856323242187500000
94,94,0.001055955886840820312500,0.000475168228149414062500
95,95,0.000919580459594726562500,0.000440120697021484375000
96,96,0.001027345657348632812500,0.000549077987670898437500
97,97,0.000980854034423828125000,0.000478744506835937500000
98,98,0.000996589660644531250000,0.000534296035766601562500
99,99,0.001019954681396484375000,0.000628471374511718750000
100,100,0.000992774963378906250000,0.000448465347290039062500
101,101,0.001034259796142578125000,0.000537872314453125000000
102,102,0.000919103622436523437500,0.000485420227050781250000
103,103,0.001049041748046875000000,0.000533580780029296875000
104,104,0.000981092453002929687500,0.000709772109985351562500
105,105,0.001070261001586914062500,0.000486612319946289062500
106,106,0.000917673110961914062500,0.000548362731933593750000
107,107,0.000999927520751953125000,0.000576972961425781250000
108,108,0.000844001770019531250000,0.000462770462036132812500
109,109,0.001026630401611328125000,0.000469207763671875000000
110,110,0.000944852828979492187500,0.001063823699951171875000
111,111,0.001001358032226562500000,0.000699758529663085937500
112,112,0.000976562500000000000000,0.000407457351684570312500
113,113,0.000922203063964843750000,0.000531673431396484375000
114,114,0.001058816909790039062500,0.000575542449951171875000
115,115,0.000910520553588867187500,0.000401735305786132812500
116,116,0.001084804534912109375000,0.000401020050048828125000
117,117,0.000939369201660156250000,0.000481605529785156250000
118,118,0.001056432723999023437500,0.000606536865234375000000
119,119,0.000926256179809570312500,0.000455617904663085937500
120,120,0.001042366027832031250000,0.000619411468505859375000
121,121,0.000923395156860351562500,0.000405788421630859375000
122,122,0.001057386398315429687500,0.000545978546142578125000
123,123,0.000966310501098632812500,0.000467538833618164062500
124,124,0.001016378402709960937500,0.000487089157104492187500
125,125,0.001003265380859375000000,0.000446319580078125000000
126,126,0.000960350036621093750000,0.000447273254394531250000
127,127,0.001040697097778320312500,0.000429868698120117187500
128,128,0.000932455062866210937500,0.000539779663085937500000
129,129,0.001043558120727539062500,0.000514507293701171875000
130,130,0.000933170318603515625000,0.000529289245605468750000
131,131,0.001039981842041015625000,0.000509977340698242187500
132,132,0.000921726226806640625000,0.000447511672973632812500
133,133,0.001047849655151367187500,0.000540256500244140625000
134,134,0.000930786132812500000000,0.000536680221557617187500
135,135,0.001056194305419921875000,0.000582933425903320312500
136,136,0.000924825668334960937500,0.000434875488281250000000
137,137,0.001053094863891601562500,0.000615835189819335937500
138,138,0.000931739807128906250000,0.000557184219360351562500
139,139,0.001054525375366210937500,0.000527620315551757812500
140,140,0.000969648361206054687500,0.000497341156005859375000
141,141,0.000993251800537109375000,0.000548601150512695312500
142,142,0.001005411148071289062500,0.000457525253295898437500
143,143,0.000966548919677734375000,0.000573873519897460937500
144,144,0.001051902770996093750000,0.000478982925415039062500
145,145,0.000943899154663085937500,0.000551223754882812500000
146,146,0.001061916351318359375000,0.000989675521850585937500
147,147,0.000993967056274414062500,0.000534534454345703125000
148,148,0.001042127609252929687500,0.000437736511230468750000
149,149,0.000904560089111328125000,0.000543355941772460937500
150,150,0.001051902770996093750000,0.000505685806274414062500
151,151,0.000923871994018554687500,0.000504016876220703125000
152,152,0.001050233840942382812500,0.000588655471801757812500
153,153,0.000913143157958984375000,0.000448942184448242187500
154,154,0.001071214675903320312500,0.000538825988769531250000
155,155,0.000923871994018554687500,0.000416040420532226562500
156,156,0.001056671142578125000000,0.000526666641235351562500
157,157,0.000945329666137695312500,0.000441312789916992187500
158,158,0.001019477844238281250000,0.000593900680541992187500
159,159,0.000954389572143554687500,0.000487089157104492187500
160,160,0.000990867614746093750000,0.000433206558227539062500
161,161,0.001030206680297851562500,0.000424385070800781250000
162,162,0.000920534133911132812500,0.000633716583251953125000
163,163,0.001048564910888671875000,0.000523328781127929687500
164,164,0.000924825668334960937500,0.000504255294799804687500
165,165,0.001051902770996093750000,0.000577211380004882812500
166,166,0.000920057296752929687500,0.000500917434692382812500
167,167,0.001042842864990234375000,0.000536680221557617187500
168,168,0.000932693481445312500000,0.000493526458740234375000
169,169,0.001053571701049804687500,0.000552177429199218750000
170,170,0.000915050506591796875000,0.000397682189941406250000
171,171,0.001046895980834960937500,0.000508308410644531250000
172,172,0.000909566879272460937500,0.000583887100219726562500
173,173,0.001045227050781250000000,0.000632524490356445312500
174,174,0.000907421112060546875000,0.000571966171264648437500
175,175,0.001056671142578125000000,0.000541925430297851562500
176,176,0.000937700271606445312500,0.001076459884643554687500
177,177,0.001057624816894531250000,0.000563144683837890625000
178,178,0.000922203063964843750000,0.000485897064208984375000
179,179,0.000970602035522460937500,0.000480651855468750000000
180,180,0.000929355621337890625000,0.000486850738525390625000
181,181,0.000882625579833984375000,0.001186609268188476562500
182,182,0.000966310501098632812500,0.000523328781127929687500
183,183,0.000916242599487304687500,0.000698804855346679687500
184,184,0.001017093658447265625000,0.000443696975708007812500
185,185,0.000927209854125976562500,0.000473260879516601562500
186,186,0.001051425933837890625000,0.000600814819335937500000
187,187,0.000907421112060546875000,0.000440835952758789062500
188,188,0.001027345657348632812500,0.000537872314453125000000
189,189,0.000924825668334960937500,0.000456094741821289062500
190,190,0.001055717468261718750000,0.000447988510131835937500
191,191,0.000933647155761718750000,0.000515460968017578125000
192,192,0.001022815704345703125000,0.000571250915527343750000
193,193,0.000959157943725585937500,0.000481843948364257812500
194,194,0.001008987426757812500000,0.000481605529785156250000
195,195,0.001008272171020507812500,0.000548362731933593750000
196,196,0.000950813293457031250000,0.000621318817138671875000
197,197,0.001012086868286132812500,0.000484466552734375000000
198,198,0.000938653945922851562500,0.000541448593139648437500
199,199,0.001048088073730468750000,0.000418424606323242187500
200,200,0.000918388366699218750000,0.000512123107910156250000
201,201,0.001053571701049804687500,0.000489473342895507812500
202,202,0.000918388366699218750000,0.000414133071899414062500
203,203,0.001056909561157226562500,0.000450134277343750000000
204,204,0.000923395156860351562500,0.000490188598632812500000
205,205,0.001121997833251953125000,0.000607013702392578125000
206,206,0.000929117202758789062500,0.000400066375732421875000
207,207,0.001051187515258789062500,0.000516414642333984375000
208,208,0.000921249389648437500000,0.000454187393188476562500
209,209,0.001074552536010742187500,0.000479459762573242187500
210,210,0.000946998596191406250000,0.000457763671875000000000
211,211,0.001017093658447265625000,0.000507354736328125000000
212,212,0.001002788543701171875000,0.000488281250000000000000
213,213,0.000987768173217773437500,0.000457048416137695312500
214,214,0.001164436340332031250000,0.000570297241210937500000
215,215,0.000966548919677734375000,0.000553607940673828125000
216,216,0.001049757003784179687500,0.000515937805175781250000
217,217,0.000937700271606445312500,0.000548839569091796875000
218,218,0.001049757003784179687500,0.000488758087158203125000
219,219,0.000914573669433593750000,0.000665664672851562500000
220,220,0.001046895980834960937500,0.000511169433593750000000
221,221,0.000909090042114257812500,0.000510931015014648437500
222,222,0.001046657562255859375000,0.000598192214965820312500
223,223,0.000931262969970703125000,0.000491619110107421875000
224,224,0.001064777374267578125000,0.000493288040161132812500
225,225,0.000914335250854492187500,0.000447750091552734375000
226,226,0.001044511795043945312500,0.000544786453247070312500
227,227,0.000912427902221679687500,0.000433921813964843750000
228,228,0.001052618026733398437500,0.000619888305664062500000
229,229,0.000923395156860351562500,0.000480175018310546875000
230,230,0.001050949096679687500000,0.000557899475097656250000
231,231,0.000920057296752929687500,0.000435352325439453125000
232,232,0.001078128814697265625000,0.000605583190917968750000
233,233,0.000936269760131835937500,0.000479698181152343750000
234,234,0.001036882400512695312500,0.000566720962524414062500
235,235,0.000955343246459960937500,0.000442504882812500000000
236,236,0.000985860824584960937500,0.000536441802978515625000
237,237,0.000991344451904296875000,0.000497579574584960937500
238,238,0.000954151153564453125000,0.000776290893554687500000
239,239,0.001035451889038085937500,0.000556945800781250000000
240,240,0.000915050506591796875000,0.000582933425903320312500
241,241,0.001024007797241210937500,0.000407218933105468750000
242,242,0.000908851623535156250000,0.000471830368041992187500
243,243,0.001053094863891601562500,0.000660896301269531250000
244,244,0.000932693481445312500000,0.000513076782226562500000
245,245,0.001065254211425781250000,0.000562906265258789062500
246,246,0.000916242599487304687500,0.000489711761474609375000
247,247,0.001026153564453125000000,0.000534057617187500000000
248,248,0.002967357635498046875000,0.000452041625976562500000
249,249,0.001013278961181640625000,0.000509977340698242187500
250,250,0.000890254974365234375000,0.000449657440185546875000
251,251,0.000951766967773437500000,0.000451087951660156250000
252,252,0.000925302505493164062500,0.000382184982299804687500
253,253,0.000880718231201171875000,0.000467538833618164062500
254,254,0.000896692276000976562500,0.000445604324340820312500
255,255,0.000861883163452148437500,0.000468015670776367187500
256,256,0.001120805740356445312500,0.000437736511230468750000
257,257,0.000943899154663085937500,0.000435829162597656250000
258,258,0.000871419906616210937500,0.000587940216064453125000
259,259,0.000995635986328125000000,0.000532388687133789062500
260,260,0.000855922698974609375000,0.000422000885009765625000
261,261,0.001018047332763671875000,0.000547409057617187500000
262,262,0.000880002975463867187500,0.000463008880615234375000
263,263,0.001042127609252929687500,0.000545978546142578125000
264,264,0.001114845275878906250000,0.000436544418334960937500
265,265,0.000985383987426757812500,0.000493288040161132812500
266,266,0.001067638397216796875000,0.000554323196411132812500
267,267,0.000961542129516601562500,0.000842332839965820312500
268,268,0.001077651977539062500000,0.000549793243408203125000
269,269,0.000873804092407226562500,0.000418901443481445312500
270,270,0.001007795333862304687500,0.000554561614990234375000
271,271,0.000886678695678710937500,0.000535726547241210937500
272,272,0.000946760177612304687500,0.000421047210693359375000
273,273,0.000988006591796875000000,0.000523090362548828125000
274,274,0.000875949859619140625000,0.000509023666381835937500
275,275,0.001005887985229492187500,0.000538825988769531250000
276,276,0.000882148742675781250000,0.000458478927612304687500
277,277,0.001002788543701171875000,0.000554084777832031250000
278,278,0.000861644744873046875000,0.001076221466064453125000
279,279,0.001014232635498046875000,0.000480890274047851562500
280,280,0.000895738601684570312500,0.000552654266357421875000
281,281,0.000928163528442382812500,0.000543355941772460937500
282,282,0.000984907150268554687500,0.000449419021606445312500
283,283,0.000988960266113281250000,0.000466823577880859375000
284,284,0.001011848449707031250000,0.000550270080566406250000
285,285,0.000897645950317382812500,0.000401496887207031250000
286,286,0.001008510589599609375000,0.000561714172363281250000
287,287,0.000880002975463867187500,0.000401258468627929687500
288,288,0.001002550125122070312500,0.000501871109008789062500
289,289,0.000935554504394531250000,0.000349044799804687500000
290,290,0.000874519348144531250000,0.000502824783325195312500
291,291,0.001005649566650390625000,0.000561952590942382812500
292,292,0.000888347625732421875000,0.000523805618286132812500
293,293,0.001018285751342773437500,0.000527858734130859375000
294,294,0.000905036926269531250000,0.000371694564819335937500
295,295,0.001000165939331054687500,0.000490665435791015625000
296,296,0.000926017761230468750000,0.000374794006347656250000
297,297,0.000904083251953125000000,0.000576257705688476562500
298,298,0.000998735427856445312500,0.000440120697021484375000
299,299,0.000867843627929687500000,0.000462770462036132812500
300,300,0.001022338867187500000000,0.000528812408447265625000
301,301,0.000881195068359375000000,0.000415325164794921875000
302,302,0.001044273376464843750000,0.000493764877319335937500
303,303,0.000871419906616210937500,0.000467300415039062500000
304,304,0.000972032546997070312500,0.000461816787719726562500
305,305,0.000970125198364257812500,0.000403642654418945312500
306,306,0.000911712646484375000000,0.000494241714477539062500
307,307,0.001008510589599609375000,0.000440597534179687500000
308,308,0.000880479812622070312500,0.000461339950561523437500
309,309,0.001002073287963867187500,0.000455617904663085937500
310,310,0.000892162322998046875000,0.000419139862060546875000
311,311,0.000974655151367187500000,0.000634193420410156250000
312,312,0.000963449478149414062500,0.000398635864257812500000
313,313,0.000907897949218750000000,0.000513792037963867187500
314,314,0.001005172729492187500000,0.000527858734130859375000
315,315,0.000883340835571289062500,0.000501632690429687500000
316,316,0.000999450683593750000000,0.000488996505737304687500
317,317,0.000878095626831054687500,0.000436782836914062500000
318,318,0.000998973846435546875000,0.000495195388793945312500
319,319,0.000929832458496093750000,0.000512599945068359375000
320,320,0.000949382781982421875000,0.000581502914428710937500
321,321,0.001015186309814453125000,0.000361204147338867187500
322,322,0.000868797302246093750000,0.000742912292480468750000
323,323,0.001007556915283203125000,0.000550270080566406250000
324,324,0.000885486602783203125000,0.000465631484985351562500
325,325,0.001015424728393554687500,0.000554561614990234375000
326,326,0.000968933105468750000000,0.000619173049926757812500
327,327,0.000998258590698242187500,0.000566244125366210937500
328,328,0.000913858413696289062500,0.000453233718872070312500
329,329,0.000920057296752929687500,0.000517845153808593750000
330,330,0.000999450683593750000000,0.000485658645629882812500
331,331,0.000859022140502929687500,0.000454664230346679687500
332,332,0.000912666320800781250000,0.000449657440185546875000
333,333,0.001024961471557617187500,0.000443458557128906250000
334,334,0.000876903533935546875000,0.000432252883911132812500
335,335,0.000923871994018554687500,0.000503778457641601562500
336,336,0.000999450683593750000000,0.000426530838012695312500
337,337,0.000872611999511718750000,0.000415086746215820312500
338,338,0.000921964645385742187500,0.000558614730834960937500
339,339,0.000992536544799804687500,0.000371694564819335937500
340,340,0.000883102416992187500000,0.000388622283935546875000
341,341,0.000881671905517578125000,0.000424623489379882812500
342,342,0.001016616821289062500000,0.000480890274047851562500
343,343,0.000887393951416015625000,0.000504732131958007812500
344,344,0.001017570495605468750000,0.000467538833618164062500
345,345,0.000886201858520507812500,0.000417232513427734375000
346,346,0.000993728637695312500000,0.000541448593139648437500
347,347,0.001018762588500976562500,0.000410795211791992187500
348,348,0.000975131988525390625000,0.000528573989868164062500
349,349,0.001011371612548828125000,0.000446796417236328125000
350,350,0.000887155532836914062500,0.000395536422729492187500
351,351,0.001016855239868164062500,0.000549077987670898437500
352,352,0.000887155532836914062500,0.000475883483886718750000
353,353,0.001009464263916015625000,0.000434398651123046875000
354,354,0.000871658325195312500000,0.000470876693725585937500
355,355,0.000942230224609375000000,0.000517129898071289062500
356,356,0.000997781753540039062500,0.000364542007446289062500
357,357,0.000863790512084960937500,0.000492572784423828125000
358,358,0.001017332077026367187500,0.000397682189941406250000
359,359,0.000876903533935546875000,0.000494480133056640625000
360,360,0.000964641571044921875000,0.000539064407348632812500
361,361,0.000934600830078125000000,0.000403404235839843750000
362,362,0.000880718231201171875000,0.000681877136230468750000
363,363,0.000988721847534179687500,0.000550985336303710937500
364,364,0.000884056091308593750000,0.000419855117797851562500
365,365,0.000842809677124023437500,0.000537633895874023437500
366,366,0.000980377197265625000000,0.000583648681640625000000
367,367,0.001110792160034179687500,0.000464200973510742187500
368,368,0.000978231430053710937500,0.000798225402832031250000
369,369,0.000853061676025390625000,0.000814437866210937500000
370,370,0.000961065292358398437500,0.000514030456542968750000
371,371,0.000890731811523437500000,0.000437974929809570312500
372,372,0.000850677490234375000000,0.000411033630371093750000
373,373,0.000971555709838867187500,0.000477313995361328125000
374,374,0.000873565673828125000000,0.000457048416137695312500
375,375,0.000942468643188476562500,0.000489950180053710937500
376,376,0.000955581665039062500000,0.000425577163696289062500
377,377,0.000835895538330078125000,0.000679016113281250000000
378,378,0.000979185104370117187500,0.000401020050048828125000
379,379,0.000900506973266601562500,0.000504493713378906250000
380,380,0.000956773757934570312500,0.000585556030273437500000
381,381,0.000945568084716796875000,0.000493049621582031250000
382,382,0.000885963439941406250000,0.000394582748413085937500
383,383,0.000958204269409179687500,0.000437736511230468750000
384,384,0.000886917114257812500000,0.000419855117797851562500
385,385,0.000910997390747070312500,0.000515937805175781250000
386,386,0.000971555709838867187500,0.000437974929809570312500
387,387,0.000864744186401367187500,0.000443220138549804687500
388,388,0.001004219055175781250000,0.000722408294677734375000
389,389,0.000885963439941406250000,0.000429153442382812500000
390,390,0.000867366790771484375000,0.000481367111206054687500
391,391,0.000973939895629882812500,0.000494241714477539062500
392,392,0.000883340835571289062500,0.000449895858764648437500
393,393,0.001006841659545898437500,0.000464200973510742187500
394,394,0.000848531723022460937500,0.000389099121093750000000
395,395,0.000872373580932617187500,0.000619411468505859375000
396,396,0.001033544540405273437500,0.000614404678344726562500
397,397,0.000896692276000976562500,0.000462293624877929687500
398,398,0.000970840454101562500000,0.000466585159301757812500
399,399,0.000868082046508789062500,0.000406742095947265625000
400,400,0.000893592834472656250000,0.000437736511230468750000
401,401,0.001014232635498046875000,0.000483512878417968750000
402,402,0.000889539718627929687500,0.000496864318847656250000
403,403,0.000972032546997070312500,0.000577926635742187500000
404,404,0.000851154327392578125000,0.000431537628173828125000
405,405,0.000878572463989257812500,0.000538587570190429687500
406,406,0.001013040542602539062500,0.000479698181152343750000
407,407,0.000910282135009765625000,0.000474929809570312500000
408,408,0.000994920730590820312500,0.000496625900268554687500
409,409,0.000870943069458007812500,0.000443696975708007812500
410,410,0.000869512557983398437500,0.000540256500244140625000
411,411,0.000850915908813476562500,0.000403165817260742187500
412,412,0.001001358032226562500000,0.000496387481689453125000
413,413,0.000872611999511718750000,0.000431776046752929687500
414,414,0.000884294509887695312500,0.000491619110107421875000
415,415,0.000840663909912109375000,0.000360488891601562500000
416,416,0.000868797302246093750000,0.000491619110107421875000
417,417,0.000945329666137695312500,0.000449657440185546875000
418,418,0.000879526138305664062500,0.000590801239013671875000
419,419,0.000853300094604492187500,0.000464916229248046875000
420,420,0.000943899154663085937500,0.000437498092651367187500
421,421,0.000903844833374023437500,0.000455617904663085937500
422,422,0.000869989395141601562500,0.000428438186645507812500
423,423,0.000954389572143554687500,0.000438690185546875000000
424,424,0.000879287719726562500000,0.000429630279541015625000
425,425,0.000872135162353515625000,0.000492811203002929687500
426,426,0.000990629196166992187500,0.000468969345092773437500
427,427,0.000848531723022460937500,0.000422477722167968750000
428,428,0.001021862030029296875000,0.000453948974609375000000
429,429,0.000899553298950195312500,0.000466823577880859375000
430,430,0.000876426696777343750000,0.000545024871826171875000
431,431,0.001015663146972656250000,0.000441551208496093750000
432,432,0.000912666320800781250000,0.000467777252197265625000
433,433,0.001026630401611328125000,0.000559091567993164062500
434,434,0.000858306884765625000000,0.000440120697021484375000
435,435,0.000914096832275390625000,0.000544309616088867187500
436,436,0.000964403152465820312500,0.000752687454223632812500
437,437,0.000842094421386718750000,0.000430107116699218750000
438,438,0.000963926315307617187500,0.000559806823730468750000
439,439,0.000849246978759765625000,0.001038074493408203125000
440,440,0.001016855239868164062500,0.000607967376708984375000
441,441,0.000872373580932617187500,0.000466585159301757812500
442,442,0.000981330871582031250000,0.000612974166870117187500
443,443,0.000936031341552734375000,0.000471591949462890625000
444,444,0.000876665115356445312500,0.000579118728637695312500
445,445,0.001032829284667968750000,0.000418424606323242187500
446,446,0.000895261764526367187500,0.000400543212890625000000
447,447,0.000992059707641601562500,0.000480175018310546875000
448,448,0.000904083251953125000000,0.000457763671875000000000
449,449,0.000887155532836914062500,0.000361204147338867187500
450,450,0.000990867614746093750000,0.000432252883911132812500
451,451,0.000836610794067382812500,0.000484466552734375000000
452,452,0.000851392745971679687500,0.000724315643310546875000
453,453,0.000958919525146484375000,0.000435113906860351562500
454,454,0.000839233398437500000000,0.000395059585571289062500
455,455,0.001015901565551757812500,0.000547647476196289062500
456,456,0.000908613204956054687500,0.000410795211791992187500
457,457,0.000873088836669921875000,0.000435829162597656250000
458,458,0.001044750213623046875000,0.000497817993164062500000
459,459,0.000871419906616210937500,0.000442743301391601562500
460,460,0.000916719436645507812500,0.000566720962524414062500
461,461,0.000949859619140625000000,0.000363588333129882812500
462,462,0.000892400741577148437500,0.000389099121093750000000
463,463,0.001006603240966796875000,0.000544309616088867187500
464,464,0.000851154327392578125000,0.000551462173461914062500
465,465,0.000964164733886718750000,0.000526905059814453125000
466,466,0.000922918319702148437500,0.000397920608520507812500
467,467,0.000927925109863281250000,0.000436305999755859375000
468,468,0.001040697097778320312500,0.000477075576782226562500
469,469,0.000905513763427734375000,0.000559568405151367187500
470,470,0.000957489013671875000000,0.000447034835815429687500
471,471,0.000885248184204101562500,0.000350236892700195312500
472,472,0.000836610794067382812500,0.000436305999755859375000
473,473,0.000994205474853515625000,0.000537633895874023437500
474,474,0.000854253768920898437500,0.000353097915649414062500
475,475,0.000910758972167968750000,0.000493049621582031250000
476,476,0.000930309295654296875000,0.000423669815063476562500
477,477,0.000848054885864257812500,0.000385999679565429687500
478,478,0.000975608825683593750000,0.000450134277343750000000
479,479,0.000858306884765625000000,0.000449895858764648437500
480,480,0.000883340835571289062500,0.000557184219360351562500
481,481,0.001003265380859375000000,0.000434398651123046875000
482,482,0.000859260559082031250000,0.000420570373535156250000
483,483,0.000983238220214843750000,0.000437021255493164062500
484,484,0.000899314880371093750000,0.000763416290283203125000
485,485,0.000961065292358398437500,0.000518560409545898437500
486,486,0.000943660736083984375000,0.000402688980102539062500
487,487,0.000863313674926757812500,0.000493764877319335937500
488,488,0.000950574874877929687500,0.000452041625976562500000
489,489,0.000874280929565429687500,0.000457286834716796875000
490,490,0.000971317291259765625000,0.000506877899169921875000
491,491,0.000950574874877929687500,0.000444173812866210937500
492,492,0.000849008560180664062500,0.000468969345092773437500
493,493,0.000974655151367187500000,0.000667810440063476562500
494,494,0.000847816467285156250000,0.000397682189941406250000
495,495,0.000893354415893554687500,0.000600099563598632812500
496,496,0.000937700271606445312500,0.000448226928710937500000
497,497,0.000843763351440429687500,0.000452756881713867187500
498,498,0.001023292541503906250000,0.000487089157104492187500
499,499,0.000838518142700195312500,0.000508546829223632812500
500,500,0.000934362411499023437500,0.000657796859741210937500
501,501,0.000953674316406250000000,0.000422716140747070312500
502,502,0.000854730606079101562500,0.000417232513427734375000
503,503,0.001012802124023437500000,0.000488996505737304687500
504,504,0.000891685485839843750000,0.000566959381103515625000
505,505,0.000966072082519531250000,0.000436305999755859375000
506,506,0.000912427902221679687500,0.000393152236938476562500
507,507,0.000897407531738281250000,0.000401020050048828125000
508,508,0.000943899154663085937500,0.000537395477294921875000
509,509,0.000895738601684570312500,0.000455141067504882812500
510,510,0.000882148742675781250000,0.000369310379028320312500
511,511,0.000953197479248046875000,0.000516176223754882812500
512,512,0.000877857208251953125000,0.000519990921020507812500
513,513,0.000852584838867187500000,0.000469684600830078125000
514,514,0.001020193099975585937500,0.000369310379028320312500
515,515,0.000838756561279296875000,0.000409126281738281250000
516,516,0.000893354415893554687500,0.000538110733032226562500
517,517,0.000987052917480468750000,0.000558137893676757812500
518,518,0.000885725021362304687500,0.000413417816162109375000
519,519,0.000876188278198242187500,0.000508308410644531250000
520,520,0.000956773757934570312500,0.000488042831420898437500
521,521,0.000892400741577148437500,0.000458240509033203125000
522,522,0.001086473464965820312500,0.000751733779907226562500
523,523,0.000884056091308593750000,0.000390529632568359375000
524,524,0.001019001007080078125000,0.000508785247802734375000
525,525,0.000905990600585937500000,0.000459432601928710937500
526,526,0.000951528549194335937500,0.000476360321044921875000
527,527,0.000959396362304687500000,0.000395298004150390625000
528,528,0.000871181488037109375000,0.000452280044555664062500
529,529,0.000997543334960937500000,0.000592708587646484375000
530,530,0.000864982604980468750000,0.000467538833618164062500
531,531,0.000975847244262695312500,0.000655174255371093750000
532,532,0.000877141952514648437500,0.000391483306884765625000
533,533,0.000970840454101562500000,0.000449419021606445312500
534,534,0.000948190689086914062500,0.000458955764770507812500
535,535,0.000887155532836914062500,0.000527381896972656250000
536,536,0.000996351242065429687500,0.000569343566894531250000
537,537,0.000862598419189453125000,0.000458478927612304687500
538,538,0.000973463058471679687500,0.000458478927612304687500
539,539,0.000924825668334960937500,0.000384092330932617187500
540,540,0.000877618789672851562500,0.000489234924316406250000
541,541,0.001000165939331054687500,0.000432014465332031250000
542,542,0.000871181488037109375000,0.000587224960327148437500
543,543,0.000997304916381835937500,0.000467300415039062500000
544,544,0.000859737396240234375000,0.000430822372436523437500
545,545,0.000981092453002929687500,0.000775337219238281250000
546,546,0.000923871994018554687500,0.000408887863159179687500
547,547,0.000923156738281250000000,0.000485420227050781250000
548,548,0.001009225845336914062500,0.000636100769042968750000
549,549,0.000880718231201171875000,0.000463724136352539062500
550,550,0.001030445098876953125000,0.000514268875122070312500
551,551,0.000827074050903320312500,0.000380039215087890625000
552,552,0.001032352447509765625000,0.000600576400756835937500
553,553,0.000885725021362304687500,0.000753164291381835937500
554,554,0.001040220260620117187500,0.000576019287109375000000
555,555,0.000948190689086914062500,0.000488042831420898437500
556,556,0.000995874404907226562500,0.000650882720947265625000
557,557,0.000988960266113281250000,0.000443935394287109375000
558,558,0.000881195068359375000000,0.000467061996459960937500
559,559,0.000984907150268554687500,0.000562906265258789062500
560,560,0.000866413116455078125000,0.000389575958251953125000
561,561,0.000982046127319335937500,0.000603914260864257812500
562,562,0.000856637954711914062500,0.000522851943969726562500
563,563,0.000916481018066406250000,0.000473499298095703125000
564,564,0.001010179519653320312500,0.000389575958251953125000
565,565,0.000866651535034179687500,0.000414371490478515625000
566,566,0.000970602035522460937500,0.000421285629272460937500
567,567,0.000890970230102539062500,0.000426054000854492187500
568,568,0.001043558120727539062500,0.000528573989868164062500
569,569,0.000975847244262695312500,0.000441551208496093750000
570,570,0.000904321670532226562500,0.000425577163696289062500
571,571,0.000956296920776367187500,0.000447511672973632812500
572,572,0.000885486602783203125000,0.000574350357055664062500
573,573,0.001001596450805664062500,0.000555753707885742187500
574,574,0.000829458236694335937500,0.000396013259887695312500
575,575,0.000957250595092773437500,0.000437259674072265625000
576,576,0.000931262969970703125000,0.000504493713378906250000
577,577,0.000905990600585937500000,0.000547170639038085937500
578,578,0.000997066497802734375000,0.000455856323242187500000
579,579,0.000876665115356445312500,0.000409603118896484375000
580,580,0.000961303710937500000000,0.000480651855468750000000
581,581,0.000854969024658203125000,0.000503063201904296875000
582,582,0.000901699066162109375000,0.000526666641235351562500
583,583,0.000968217849731445312500,0.000403881072998046875000
584,584,0.000846862792968750000000,0.000438690185546875000000
585,585,0.000919580459594726562500,0.000452518463134765625000
586,586,0.000909328460693359375000,0.001025676727294921875000
587,587,0.000845909118652343750000,0.000492811203002929687500
588,588,0.000952720642089843750000,0.000552654266357421875000
589,589,0.000865697860717773437500,0.000385046005249023437500
590,590,0.000833988189697265625000,0.000447988510131835937500
591,591,0.000977754592895507812500,0.000460386276245117187500
592,592,0.000851869583129882812500,0.000505924224853515625000
593,593,0.000916481018066406250000,0.000451803207397460937500
594,594,0.000953674316406250000000,0.000503778457641601562500
595,595,0.000874280929565429687500,0.000418901443481445312500
596,596,0.000973701477050781250000,0.000539302825927734375000
597,597,0.000993728637695312500000,0.000466823577880859375000
598,598,0.000885248184204101562500,0.000529289245605468750000
599,599,0.000974416732788085937500,0.000446081161499023437500
600,600,0.000859498977661132812500,0.000449895858764648437500
601,601,0.000993013381958007812500,0.000473976135253906250000
602,602,0.000851869583129882812500,0.000633001327514648437500
603,603,0.000961542129516601562500,0.000467777252197265625000
604,604,0.000948190689086914062500,0.000379323959350585937500
605,605,0.000847339630126953125000,0.000517845153808593750000
606,606,0.000969409942626953125000,0.000556945800781250000000
607,607,0.000855922698974609375000,0.000468730926513671875000
608,608,0.000967264175415039062500,0.000542163848876953125000
609,609,0.000892162322998046875000,0.000491857528686523437500
610,610,0.000939369201660156250000,0.000642538070678710937500
611,611,0.000989437103271484375000,0.000401735305786132812500
612,612,0.000904321670532226562500,0.000536680221557617187500
613,613,0.001008987426757812500000,0.000721454620361328125000
614,614,0.000887155532836914062500,0.000536918640136718750000
615,615,0.001050233840942382812500,0.000479459762573242187500
616,616,0.000857591629028320312500,0.000589609146118164062500
617,617,0.000962495803833007812500,0.000537395477294921875000
618,618,0.000876903533935546875000,0.000390768051147460937500
619,619,0.000954151153564453125000,0.000666141510009765625000
620,620,0.000899076461791992187500,0.000524759292602539062500
621,621,0.000871896743774414062500,0.000414133071899414062500
622,622,0.001082420349121093750000,0.000613451004028320312500
623,623,0.000947952270507812500000,0.000454902648925781250000
624,624,0.001014232635498046875000,0.000539302825927734375000
625,625,0.000885725021362304687500,0.000503063201904296875000
626,626,0.000910997390747070312500,0.000484704971313476562500
627,627,0.001008510589599609375000,0.000482559204101562500000
628,628,0.000888586044311523437500,0.000532627105712890625000
629,629,0.001028537750244140625000,0.000524520874023437500000
630,630,0.000877380371093750000000,0.000475883483886718750000
631,631,0.001049041748046875000000,0.000487089157104492187500
632,632,0.000926971435546875000000,0.000473260879516601562500
633,633,0.000843763351440429687500,0.000706434249877929687500
634,634,0.000968456268310546875000,0.000458240509033203125000
635,635,0.000896453857421875000000,0.000903367996215820312500
636,636,0.001015424728393554687500,0.000583171844482421875000
637,637,0.000900030136108398437500,0.000436305999755859375000
638,638,0.000921964645385742187500,0.000577688217163085937500
639,639,0.000945806503295898437500,0.000392913818359375000000
640,640,0.000853061676025390625000,0.000502824783325195312500
641,641,0.001001119613647460937500,0.000549077987670898437500
642,642,0.000897884368896484375000,0.000431060791015625000000
643,643,0.000981807708740234375000,0.000521659851074218750000
644,644,0.000958204269409179687500,0.000411987304687500000000
645,645,0.000911712646484375000000,0.000511169433593750000000
646,646,0.001006603240966796875000,0.000479221343994140625000
647,647,0.000827789306640625000000,0.000383377075195312500000
648,648,0.000944852828979492187500,0.000521659851074218750000
649,649,0.000953912734985351562500,0.000416278839111328125000
650,650,0.000873804092407226562500,0.000438213348388671875000
651,651,0.001009225845336914062500,0.000424861907958984375000
652,652,0.000895500183105468750000,0.000448465347290039062500
653,653,0.000912666320800781250000,0.000552415847778320312500
654,654,0.000938653945922851562500,0.000453948974609375000000
655,655,0.000899553298950195312500,0.000399589538574218750000
656,656,0.000994920730590820312500,0.000543117523193359375000
657,657,0.000886201858520507812500,0.000422000885009765625000
658,658,0.000904798507690429687500,0.000585556030273437500000
659,659,0.000962734222412109375000,0.000457048416137695312500
660,660,0.000890970230102539062500,0.000488758087158203125000
661,661,0.000997781753540039062500,0.000458478927612304687500
662,662,0.000873088836669921875000,0.000725030899047851562500
663,663,0.001032352447509765625000,0.000555515289306640625000
664,664,0.000894546508789062500000,0.000433206558227539062500
665,665,0.000844717025756835937500,0.000476837158203125000000
666,666,0.001010417938232421875000,0.000460147857666015625000
667,667,0.000882387161254882812500,0.000444412231445312500000
668,668,0.001014947891235351562500,0.000446796417236328125000
669,669,0.000892639160156250000000,0.000406742095947265625000
670,670,0.000878572463989257812500,0.000471353530883789062500
671,671,0.000999212265014648437500,0.000402688980102539062500
672,672,0.000873088836669921875000,0.000475406646728515625000
673,673,0.000866889953613281250000,0.000424146652221679687500
674,674,0.000986576080322265625000,0.000448942184448242187500
675,675,0.000852108001708984375000,0.000462055206298828125000
676,676,0.000847339630126953125000,0.000489234924316406250000
677,677,0.000998020172119140625000,0.000490188598632812500000
678,678,0.000868320465087890625000,0.000482559204101562500000
679,679,0.000918626785278320312500,0.000614404678344726562500
680,680,0.000975847244262695312500,0.000428676605224609375000
681,681,0.000858068466186523437500,0.000447511672973632812500
682,682,0.000971555709838867187500,0.000562906265258789062500
683,683,0.000856399536132812500000,0.000419616699218750000000
684,684,0.000896930694580078125000,0.000449180603027343750000
685,685,0.001004457473754882812500,0.000446557998657226562500
686,686,0.000925302505493164062500,0.000574588775634765625000
687,687,0.001005887985229492187500,0.000491619110107421875000
688,688,0.000908613204956054687500,0.000492334365844726562500
689,689,0.001019477844238281250000,0.000584363937377929687500
690,690,0.000893354415893554687500,0.000509738922119140625000
691,691,0.001000165939331054687500,0.000479221343994140625000
692,692,0.000955343246459960937500,0.000461816787719726562500
693,693,0.000935554504394531250000,0.000486850738525390625000
694,694,0.001041412353515625000000,0.000442028045654296875000
695,695,0.000841140747070312500000,0.000497579574584960937500
696,696,0.001018762588500976562500,0.000527620315551757812500
697,697,0.000870704650878906250000,0.000432014465332031250000
698,698,0.001019716262817382812500,0.000471591949462890625000
699,699,0.000884056091308593750000,0.000433683395385742187500
700,700,0.000935792922973632812500,0.000530481338500976562500
701,701,0.000965595245361328125000,0.000473260879516601562500
702,702,0.000866413116455078125000,0.000373363494873046875000
703,703,0.000997781753540039062500,0.000687360763549804687500
704,704,0.000861644744873046875000,0.000389099121093750000000
705,705,0.001016855239868164062500,0.000605344772338867187500
706,706,0.000922203063964843750000,0.000635623931884765625000
707,707,0.001012802124023437500000,0.000441312789916992187500
708,708,0.000964641571044921875000,0.000431537628173828125000
709,709,0.000929832458496093750000,0.000440835952758789062500
710,710,0.000976085662841796875000,0.000533819198608398437500
711,711,0.000853776931762695312500,0.000383138656616210937500
712,712,0.000979900360107421875000,0.000542879104614257812500
713,713,0.000859737396240234375000,0.000447750091552734375000
714,714,0.000965118408203125000000,0.000494718551635742187500
715,715,0.000986099243164062500000,0.000465631484985351562500
716,716,0.000964641571044921875000,0.000428915023803710937500
717,717,0.000988721847534179687500,0.000373125076293945312500
718,718,0.000882863998413085937500,0.000477313995361328125000
719,719,0.001013517379760742187500,0.000485897064208984375000
720,720,0.000866889953613281250000,0.000418901443481445312500
721,721,0.000998497009277343750000,0.000486612319946289062500
722,722,0.000914812088012695312500,0.000411510467529296875000
723,723,0.000871896743774414062500,0.000433683395385742187500
724,724,0.001080989837646484375000,0.000545501708984375000000
725,725,0.000885963439941406250000,0.000489711761474609375000
726,726,0.000991821289062500000000,0.000535011291503906250000
727,727,0.000859260559082031250000,0.000393867492675781250000
728,728,0.000907659530639648437500,0.000570058822631835937500
729,729,0.001002073287963867187500,0.000488758087158203125000
730,730,0.000874996185302734375000,0.000432014465332031250000
731,731,0.000954866409301757812500,0.000428676605224609375000
732,732,0.000888109207153320312500,0.000430107116699218750000
733,733,0.000985145568847656250000,0.000486850738525390625000
734,734,0.001003980636596679687500,0.000397205352783203125000
735,735,0.000855684280395507812500,0.000531911849975585937500
736,736,0.000972986221313476562500,0.000422000885009765625000
737,737,0.000854492187500000000000,0.000440359115600585937500
738,738,0.000981807708740234375000,0.000824928283691406250000
739,739,0.000831842422485351562500,0.000399351119995117187500
740,740,0.001023054122924804687500,0.000450611114501953125000
741,741,0.000968694686889648437500,0.000446557998657226562500
742,742,0.000906467437744140625000,0.000498533248901367187500
743,743,0.001020431518554687500000,0.000533103942871093750000
744,744,0.000855922698974609375000,0.000406503677368164062500
745,745,0.001023054122924804687500,0.000531435012817382812500
746,746,0.000899314880371093750000,0.000517368316650390625000
747,747,0.000954627990722656250000,0.000498533248901367187500
748,748,0.001018524169921875000000,0.000442504882812500000000
749,749,0.000887155532836914062500,0.000427246093750000000000
750,750,0.000996589660644531250000,0.000590801239013671875000
751,751,0.000838518142700195312500,0.000413656234741210937500
752,752,0.000861644744873046875000,0.000476360321044921875000
753,753,0.000992774963378906250000,0.000465393066406250000000
754,754,0.000854969024658203125000,0.000456809997558593750000
755,755,0.000854730606079101562500,0.000435113906860351562500
756,756,0.000984430313110351562500,0.000578403472900390625000
757,757,0.000888347625732421875000,0.000462770462036132812500
758,758,0.000896215438842773437500,0.000394582748413085937500
759,759,0.000850439071655273437500,0.000456333160400390625000
760,760,0.000883579254150390625000,0.000385284423828125000000
761,761,0.000942230224609375000000,0.000489711761474609375000
762,762,0.000867605209350585937500,0.000433444976806640625000
763,763,0.001002311706542968750000,0.000474214553833007812500
764,764,0.000889062881469726562500,0.000353813171386718750000
765,765,0.000839233398437500000000,0.000431776046752929687500
766,766,0.001019954681396484375000,0.000515937805175781250000
767,767,0.000828027725219726562500,0.000510215759277343750000
768,768,0.000896930694580078125000,0.000499010086059570312500
769,769,0.001026868820190429687500,0.000444173812866210937500
770,770,0.000870466232299804687500,0.000627040863037109375000
771,771,0.001003026962280273437500,0.000488996505737304687500
772,772,0.000890254974365234375000,0.000390291213989257812500
773,773,0.000898122787475585937500,0.000421047210693359375000
774,774,0.000992059707641601562500,0.000633716583251953125000
775,775,0.000882148742675781250000,0.000583410263061523437500
776,776,0.001024246215820312500000,0.000544548034667968750000
777,777,0.000896215438842773437500,0.000466823577880859375000
778,778,0.000870466232299804687500,0.000659465789794921875000
779,779,0.000962257385253906250000,0.000455617904663085937500
780,780,0.000863552093505859375000,0.000418901443481445312500
781,781,0.001018285751342773437500,0.000481367111206054687500
782,782,0.000917911529541015625000,0.000404119491577148437500
783,783,0.000930786132812500000000,0.000559806823730468750000
784,784,0.001031637191772460937500,0.000642538070678710937500
785,785,0.000913381576538085937500,0.000419139862060546875000
786,786,0.000936985015869140625000,0.000506401062011718750000
787,787,0.000944614410400390625000,0.000428199768066406250000
788,788,0.000861167907714843750000,0.000393390655517578125000
789,789,0.000991821289062500000000,0.000474214553833007812500
790,790,0.000874042510986328125000,0.000410079956054687500000
791,791,0.000861406326293945312500,0.000549077987670898437500
792,792,0.001017808914184570312500,0.000691652297973632812500
793,793,0.000847578048706054687500,0.000420808792114257812500
794,794,0.000933647155761718750000,0.000433444976806640625000
795,795,0.000925540924072265625000,0.000500679016113281250000
796,796,0.000890493392944335937500,0.000534772872924804687500
797,797,0.000970363616943359375000,0.000450611114501953125000
798,798,0.000822544097900390625000,0.000442028045654296875000
799,799,0.000945091247558593750000,0.000879764556884765625000
800,800,0.000885963439941406250000,0.000542640686035156250000
801,801,0.000895023345947265625000,0.000437021255493164062500
802,802,0.000994443893432617187500,0.000457525253295898437500
803,803,0.000882148742675781250000,0.000489473342895507812500
804,804,0.000947952270507812500000,0.000772714614868164062500
805,805,0.000895500183105468750000,0.000434160232543945312500
806,806,0.000884532928466796875000,0.000497579574584960937500
807,807,0.000987529754638671875000,0.000446557998657226562500
808,808,0.000888109207153320312500,0.000370979309082031250000
809,809,0.001007080078125000000000,0.001155853271484375000000
810,810,0.000897884368896484375000,0.000428438186645507812500
811,811,0.000962495803833007812500,0.000546216964721679687500
812,812,0.000895977020263671875000,0.000383853912353515625000
813,813,0.000852346420288085937500,0.000424385070800781250000
814,814,0.000982761383056640625000,0.000495910644531250000000
815,815,0.000850439071655273437500,0.000469923019409179687500
816,816,0.000955343246459960937500,0.000499010086059570312500
817,817,0.001055479049682617187500,0.000412702560424804687500
818,818,0.000843763351440429687500,0.000388383865356445312500
819,819,0.000978469848632812500000,0.000514507293701171875000
820,820,0.000842571258544921875000,0.000545978546142578125000
821,821,0.000964879989624023437500,0.000705957412719726562500
822,822,0.000898122787475585937500,0.000372886657714843750000
823,823,0.000867843627929687500000,0.000498533248901367187500
824,824,0.000979185104370117187500,0.000502586364746093750000
825,825,0.000854015350341796875000,0.000415086746215820312500
826,826,0.000952243804931640625000,0.000611543655395507812500
827,827,0.000941514968872070312500,0.000455379486083984375000
828,828,0.000860214233398437500000,0.000389814376831054687500
829,829,0.000942468643188476562500,0.000526905059814453125000
830,830,0.000888824462890625000000,0.000458478927612304687500
831,831,0.000934839248657226562500,0.000539541244506835937500
832,832,0.000966310501098632812500,0.000547170639038085937500
833,833,0.000897407531738281250000,0.000596523284912109375000
834,834,0.000985622406005859375000,0.000422000885009765625000
835,835,0.000874519348144531250000,0.000409603118896484375000
836,836,0.000871896743774414062500,0.000756502151489257812500
837,837,0.000985145568847656250000,0.000475168228149414062500
838,838,0.000880002975463867187500,0.000431776046752929687500
839,839,0.000835418701171875000000,0.000395536422729492187500
840,840,0.001011371612548828125000,0.000662088394165039062500
841,841,0.000871896743774414062500,0.000430583953857421875000
842,842,0.001020669937133789062500,0.000572919845581054687500
843,843,0.000926256179809570312500,0.000423669815063476562500
844,844,0.000863790512084960937500,0.000453710556030273437500
845,845,0.000956535339355468750000,0.000486850738525390625000
846,846,0.000891208648681640625000,0.000467061996459960937500
847,847,0.000969648361206054687500,0.000468730926513671875000
848,848,0.000992774963378906250000,0.000430822372436523437500
849,849,0.000827789306640625000000,0.000452280044555664062500
850,850,0.001036882400512695312500,0.000470399856567382812500
851,851,0.000882863998413085937500,0.000456094741821289062500
852,852,0.001029491424560546875000,0.000581979751586914062500
853,853,0.000872850418090820312500,0.000401258468627929687500
854,854,0.000923395156860351562500,0.000613451004028320312500
855,855,0.001010179519653320312500,0.000411987304687500000000
856,856,0.000882625579833984375000,0.000501394271850585937500
857,857,0.001943111419677734375000,0.000711441040039062500000
858,858,0.001011371612548828125000,0.000538825988769531250000
859,859,0.000865459442138671875000,0.000406265258789062500000
860,860,0.000956773757934570312500,0.000486612319946289062500
861,861,0.000899076461791992187500,0.000358343124389648437500
862,862,0.001000404357910156250000,0.000521183013916015625000
863,863,0.000896453857421875000000,0.000388383865356445312500
864,864,0.000852584838867187500000,0.000716447830200195312500
865,865,0.001005649566650390625000,0.000571012496948242187500
866,866,0.000896692276000976562500,0.000703096389770507812500
867,867,0.000982761383056640625000,0.000425100326538085937500
868,868,0.000836372375488281250000,0.000525712966918945312500
869,869,0.001026391983032226562500,0.000458240509033203125000
870,870,0.000892877578735351562500,0.001278162002563476562500
871,871,0.000966787338256835937500,0.000501871109008789062500
872,872,0.000837802886962890625000,0.000405788421630859375000
873,873,0.001084566116333007812500,0.000709772109985351562500
874,874,0.000905513763427734375000,0.000419616699218750000000
875,875,0.001025915145874023437500,0.000472068786621093750000
876,876,0.000895738601684570312500,0.000412464141845703125000
877,877,0.001067876815795898437500,0.000598192214965820312500
878,878,0.000950574874877929687500,0.000507354736328125000000
879,879,0.001009225845336914062500,0.000509023666381835937500
880,880,0.000973463058471679687500,0.000407218933105468750000
881,881,0.000929117202758789062500,0.000404834747314453125000
882,882,0.000964403152465820312500,0.000508069992065429687500
883,883,0.000866174697875976562500,0.000432491302490234375000
884,884,0.001028537750244140625000,0.000490665435791015625000
885,885,0.000844001770019531250000,0.000456094741821289062500
886,886,0.000987291336059570312500,0.000613927841186523437500
887,887,0.000960826873779296875000,0.000553607940673828125000
888,888,0.000965356826782226562500,0.000434637069702148437500
889,889,0.000988006591796875000000,0.000412940979003906250000
890,890,0.000857591629028320312500,0.000632047653198242187500
891,891,0.001008749008178710937500,0.000465869903564453125000
892,892,0.000869989395141601562500,0.000536203384399414062500
893,893,0.000993013381958007812500,0.000507116317749023437500
894,894,0.000855207443237304687500,0.000491380691528320312500
895,895,0.000977277755737304687500,0.000554084777832031250000
896,896,0.000837564468383789062500,0.000396251678466796875000
897,897,0.000923156738281250000000,0.000619411468505859375000
898,898,0.001012086868286132812500,0.000426769256591796875000
899,899,0.000909090042114257812500,0.000458240509033203125000
900,900,0.000996589660644531250000,0.000461101531982421875000
901,901,0.000843763351440429687500,0.000451803207397460937500
902,902,0.000973701477050781250000,0.000557899475097656250000
903,903,0.000885486602783203125000,0.000477790832519531250000
904,904,0.001014709472656250000000,0.000472307205200195312500
905,905,0.000898599624633789062500,0.000340461730957031250000
906,906,0.000890254974365234375000,0.000416040420532226562500
907,907,0.001021385192871093750000,0.000440835952758789062500
908,908,0.000859737396240234375000,0.000444650650024414062500
909,909,0.000968217849731445312500,0.000450134277343750000000
910,910,0.000860929489135742187500,0.000360727310180664062500
911,911,0.000959396362304687500000,0.000387668609619140625000
912,912,0.000926971435546875000000,0.000431060791015625000000
913,913,0.000869274139404296875000,0.000494003295898437500000
914,914,0.000976324081420898437500,0.000480651855468750000000
915,915,0.000872850418090820312500,0.000648736953735351562500
916,916,0.001010656356811523437500,0.000503540039062500000000
917,917,0.000946283340454101562500,0.000406742095947265625000
918,918,0.001034975051879882812500,0.000504016876220703125000
919,919,0.000938177108764648437500,0.000440835952758789062500
920,920,0.000894784927368164062500,0.000527381896972656250000
921,921,0.001011371612548828125000,0.000393629074096679687500
922,922,0.000844001770019531250000,0.000492334365844726562500
923,923,0.000957965850830078125000,0.000448465347290039062500
924,924,0.000854730606079101562500,0.000392198562622070312500
925,925,0.000968217849731445312500,0.000531911849975585937500
926,926,0.000908136367797851562500,0.000413894653320312500000
927,927,0.000856876373291015625000,0.000514268875122070312500
928,928,0.000990152359008789062500,0.000508546829223632812500
929,929,0.000931978225708007812500,0.000368833541870117187500
930,930,0.000988483428955078125000,0.000466108322143554687500
931,931,0.000885248184204101562500,0.000438451766967773437500
932,932,0.000983238220214843750000,0.000490188598632812500000
933,933,0.000922679901123046875000,0.000390291213989257812500
934,934,0.000879049301147460937500,0.000771760940551757812500
935,935,0.001003503799438476562500,0.000543117523193359375000
936,936,0.000874042510986328125000,0.000486612319946289062500
937,937,0.000950574874877929687500,0.000460624694824218750000
938,938,0.000892877578735351562500,0.000419378280639648437500
939,939,0.001025438308715820312500,0.000598907470703125000000
940,940,0.000866413116455078125000,0.000460147857666015625000
941,941,0.000962018966674804687500,0.000444889068603515625000
942,942,0.000977993011474609375000,0.000480413436889648437500
943,943,0.000873804092407226562500,0.000519275665283203125000
944,944,0.001093864440917968750000,0.000663757324218750000000
945,945,0.000888347625732421875000,0.001324892044067382812500
946,946,0.001001358032226562500000,0.000403881072998046875000
947,947,0.000942945480346679687500,0.000498533248901367187500
948,948,0.001031637191772460937500,0.000538825988769531250000
949,949,0.000853538513183593750000,0.000532627105712890625000
950,950,0.001055240631103515625000,0.000466823577880859375000
951,951,0.000859260559082031250000,0.000408887863159179687500
952,952,0.000962018966674804687500,0.000609159469604492187500
953,953,0.000851154327392578125000,0.000467777252197265625000
954,954,0.000946283340454101562500,0.000408649444580078125000
955,955,0.000997781753540039062500,0.000482797622680664062500
956,956,0.000846385955810546875000,0.000472068786621093750000
957,957,0.000966310501098632812500,0.000620841979980468750000
958,958,0.000864982604980468750000,0.000491142272949218750000
959,959,0.001010179519653320312500,0.000452756881713867187500
960,960,0.000917673110961914062500,0.000345230102539062500000
961,961,0.000936269760131835937500,0.000490188598632812500000
962,962,0.000958442687988281250000,0.000408649444580078125000
963,963,0.000909805297851562500000,0.000547647476196289062500
964,964,0.001129150390625000000000,0.000533342361450195312500
965,965,0.000959396362304687500000,0.000456094741821289062500
966,966,0.001017093658447265625000,0.000734090805053710937500
967,967,0.000900030136108398437500,0.000544071197509765625000
968,968,0.000963211059570312500000,0.000520467758178710937500
969,969,0.000880479812622070312500,0.000451087951660156250000
970,970,0.001004219055175781250000,0.000492572784423828125000
971,971,0.000928640365600585937500,0.000407934188842773437500
972,972,0.000956296920776367187500,0.000483036041259765625000
973,973,0.001028537750244140625000,0.000540018081665039062500
974,974,0.000937700271606445312500,0.000484943389892578125000
975,975,0.000958919525146484375000,0.000482320785522460937500
976,976,0.000843048095703125000000,0.000383615493774414062500
977,977,0.000951051712036132812500,0.000493049621582031250000
978,978,0.000884532928466796875000,0.000538825988769531250000
979,979,0.000971317291259765625000,0.000685930252075195312500
980,980,0.000959634780883789062500,0.000458478927612304687500
981,981,0.000893115997314453125000,0.000741720199584960937500
982,982,0.000970125198364257812500,0.000451087951660156250000
983,983,0.000848531723022460937500,0.000438451766967773437500
984,984,0.000956535339355468750000,0.000472545623779296875000
985,985,0.000870943069458007812500,0.000391244888305664062500
986,986,0.000979661941528320312500,0.000525712966918945312500
987,987,0.000914812088012695312500,0.000394821166992187500000
988,988,0.000929117202758789062500,0.000512123107910156250000
989,989,0.000982522964477539062500,0.000471591949462890625000
990,990,0.000853300094604492187500,0.000520944595336914062500
991,991,0.000952482223510742187500,0.000481843948364257812500
992,992,0.000851631164550781250000,0.000484704971313476562500
993,993,0.000971078872680664062500,0.000544786453247070312500
994,994,0.000931262969970703125000,0.000491857528686523437500
995,995,0.000924587249755859375000,0.000517368316650390625000
996,996,0.001039028167724609375000,0.000605821609497070312500
997,997,0.000863552093505859375000,0.000439405441284179687500
998,998,0.000998735427856445312500,0.000487804412841796875000
999,999,0.000904083251953125000000,0.000466823577880859375000
1000,1000,0.000988483428955078125000,0.000560283660888671875000
