1,1,0.030314207077026367187500,0.048767805099487304687500
2,2,0.029444694519042968750000,0.018428802490234375000000
3,3,0.029028415679931640625000,0.017265081405639648437500
4,4,0.029092073440551757812500,0.013077497482299804687500
5,5,0.030376911163330078125000,0.024906635284423828125000
6,6,0.033071041107177734375000,0.019176483154296875000000
7,7,0.032413959503173828125000,0.013169050216674804687500
8,8,0.030086994171142578125000,0.014208793640136718750000
9,9,0.018429756164550781250000,0.008085489273071289062500
10,10,0.021675586700439453125000,0.013543844223022460937500
11,11,0.030549049377441406250000,0.015771389007568359375000
12,12,0.029904365539550781250000,0.013621330261230468750000
13,13,0.030583381652832031250000,0.016736030578613281250000
14,14,0.029738187789916992187500,0.014607429504394531250000
15,15,0.030341148376464843750000,0.017327070236206054687500
16,16,0.030394554138183593750000,0.016563177108764648437500
17,17,0.031461000442504882812500,0.018406867980957031250000
18,18,0.030077934265136718750000,0.014548063278198242187500
19,19,0.030592918395996093750000,0.018001794815063476562500
20,20,0.030117988586425781250000,0.013803958892822265625000
21,21,0.030476570129394531250000,0.015105247497558593750000
22,22,0.028342247009277343750000,0.010905981063842773437500
23,23,0.029994249343872070312500,0.017053842544555664062500
24,24,0.030278205871582031250000,0.019019842147827148437500
25,25,0.031886577606201171875000,0.015306234359741210937500
26,26,0.030205249786376953125000,0.014272451400756835937500
27,27,0.030257940292358398437500,0.017429590225219726562500
28,28,0.029886722564697265625000,0.013272523880004882812500
29,29,0.030691385269165039062500,0.013160228729248046875000
30,30,0.030510902404785156250000,0.015141963958740234375000
31,31,0.030174016952514648437500,0.016628980636596679687500
32,32,0.030595302581787109375000,0.015500307083129882812500
33,33,0.029846429824829101562500,0.015254020690917968750000
34,34,0.031024932861328125000000,0.014966726303100585937500
35,35,0.030700445175170898437500,0.017330169677734375000000
36,36,0.030395269393920898437500,0.013608217239379882812500
37,37,0.030495166778564453125000,0.023959159851074218750000
38,38,0.020301342010498046875000,0.008850812911987304687500
39,39,0.026047468185424804687500,0.014513969421386718750000
40,40,0.028146028518676757812500,0.009418725967407226562500
41,41,0.032218217849731445312500,0.022508144378662109375000
42,42,0.033371925354003906250000,0.015885829925537109375000
43,43,0.032871723175048828125000,0.015249252319335937500000
44,44,0.032356977462768554687500,0.090368747711181640625000
45,45,0.033150196075439453125000,0.016962051391601562500000
46,46,0.032701730728149414062500,0.018732786178588867187500
47,47,0.032602548599243164062500,0.016252517700195312500000
48,48,0.033350229263305664062500,0.017061233520507812500000
49,49,0.033721446990966796875000,0.016216516494750976562500
50,50,0.033593177795410156250000,0.016313552856445312500000
51,51,0.032709360122680664062500,0.015426635742187500000000
52,52,0.032825946807861328125000,0.019994735717773437500000
53,53,0.033182621002197265625000,0.019810199737548828125000
54,54,0.032595396041870117187500,0.019903898239135742187500
55,55,0.032446622848510742187500,0.015280485153198242187500
56,56,0.033942461013793945312500,0.016066789627075195312500
57,57,0.018537044525146484375000,0.009996414184570312500000
58,58,0.029390811920166015625000,0.015195608139038085937500
59,59,0.034337520599365234375000,0.021578550338745117187500
60,60,0.033487081527709960937500,0.018350839614868164062500
61,61,0.033235311508178710937500,0.017242670059204101562500
62,62,0.030944108963012695312500,0.016438245773315429687500
63,63,0.033270597457885742187500,0.019958257675170898437500
64,64,0.033082008361816406250000,0.017924785614013671875000
65,65,0.032013654708862304687500,0.016782283782958984375000
66,66,0.032469511032104492187500,0.016056299209594726562500
67,67,0.020668268203735351562500,0.009216785430908203125000
68,68,0.025585889816284179687500,0.019033432006835937500000
69,69,0.022683143615722656250000,0.007443904876708984375000
70,70,0.023701667785644531250000,0.008270025253295898437500
71,71,0.023787736892700195312500,0.024098396301269531250000
72,72,0.028962612152099609375000,0.013819694519042968750000
73,73,0.028830051422119140625000,0.016331195831298828125000
74,74,0.030808687210083007812500,0.016822576522827148437500
75,75,0.031116724014282226562500,0.018187999725341796875000
76,76,0.031443595886230468750000,0.016152620315551757812500
77,77,0.030853271484375000000000,0.014947652816772460937500
78,78,0.029141902923583984375000,0.014211416244506835937500
79,79,0.028984785079956054687500,0.015480518341064453125000
80,80,0.027763366699218750000000,0.015455245971679687500000
81,81,0.032174110412597656250000,0.024300336837768554687500
82,82,0.029628753662109375000000,0.012923479080200195312500
83,83,0.032482147216796875000000,0.014899730682373046875000
84,84,0.029798030853271484375000,0.015713930130004882812500
85,85,0.032960414886474609375000,0.013009786605834960937500
86,86,0.028477191925048828125000,0.015715360641479492187500
87,87,0.031145572662353515625000,0.016127347946166992187500
88,88,0.030562639236450195312500,0.035931825637817382812500
89,89,0.029463768005371093750000,0.020403146743774414062500
90,90,0.028880119323730468750000,0.013887643814086914062500
91,91,0.030847072601318359375000,0.014506578445434570312500
92,92,0.031765699386596679687500,0.015204668045043945312500
93,93,0.031059980392456054687500,0.015925645828247070312500
94,94,0.030921220779418945312500,0.013493776321411132812500
95,95,0.029326677322387695312500,0.015585660934448242187500
96,96,0.019027709960937500000000,0.074295282363891601562500
97,97,0.025411128997802734375000,0.013539075851440429687500
98,98,0.025109767913818359375000,0.008428096771240234375000
99,99,0.030874729156494140625000,0.013959169387817382812500
100,100,0.031263589859008789062500,0.014237642288208007812500
101,101,0.025058746337890625000000,0.013531208038330078125000
102,102,0.021406412124633789062500,0.017413377761840820312500
103,103,0.030035495758056640625000,0.018293380737304687500000
104,104,0.031116247177124023437500,0.015396595001220703125000
105,105,0.023157835006713867187500,0.018934965133666992187500
106,106,0.031211376190185546875000,0.016936540603637695312500
107,107,0.030462741851806640625000,0.011431455612182617187500
108,108,0.021183252334594726562500,0.017043590545654296875000
109,109,0.022410869598388671875000,0.014614343643188476562500
110,110,0.030524015426635742187500,0.012996435165405273437500
111,111,0.026871919631958007812500,0.021161317825317382812500
112,112,0.028251647949218750000000,0.013957977294921875000000
113,113,0.032305479049682617187500,0.014182329177856445312500
114,114,0.020206689834594726562500,0.017755985260009765625000
115,115,0.030699253082275390625000,0.019078016281127929687500
116,116,0.030798435211181640625000,0.015223503112792968750000
117,117,0.031218290328979492187500,0.014901161193847656250000
118,118,0.031381845474243164062500,0.015248775482177734375000
119,119,0.030623674392700195312500,0.013960838317871093750000
120,120,0.030671358108520507812500,0.015721797943115234375000
121,121,0.031429290771484375000000,0.014001369476318359375000
122,122,0.023899555206298828125000,0.009932994842529296875000
123,123,0.018933534622192382812500,0.014292716979980468750000
124,124,0.030606031417846679687500,0.016265630722045898437500
125,125,0.031205892562866210937500,0.025404691696166992187500
126,126,0.030960798263549804687500,0.015766620635986328125000
127,127,0.033752441406250000000000,0.019597053527832031250000
128,128,0.032202005386352539062500,0.016827583312988281250000
129,129,0.030595779418945312500000,0.011240720748901367187500
130,130,0.023012161254882812500000,0.017604351043701171875000
131,131,0.023123025894165039062500,0.015568733215332031250000
132,132,0.023795604705810546875000,0.008499860763549804687500
133,133,0.022878408432006835937500,0.014293193817138671875000
134,134,0.029849529266357421875000,0.019114255905151367187500
135,135,0.030887365341186523437500,0.017642974853515625000000
136,136,0.026785135269165039062500,0.009203433990478515625000
137,137,0.019818782806396484375000,0.015490770339965820312500
138,138,0.031548261642456054687500,0.009056091308593750000000
139,139,0.021801710128784179687500,0.008440732955932617187500
140,140,0.018038749694824218750000,0.008540153503417968750000
141,141,0.025304317474365234375000,0.011081933975219726562500
142,142,0.023699283599853515625000,0.010571956634521484375000
143,143,0.022599935531616210937500,0.015542030334472656250000
144,144,0.031027078628540039062500,0.015492200851440429687500
145,145,0.030253887176513671875000,0.016056776046752929687500
146,146,0.029711008071899414062500,0.018021345138549804687500
147,147,0.029952526092529296875000,0.018202781677246093750000
148,148,0.032673835754394531250000,0.018989324569702148437500
149,149,0.028557062149047851562500,0.009546518325805664062500
150,150,0.019428491592407226562500,0.008237600326538085937500
151,151,0.028859376907348632812500,0.018636941909790039062500
152,152,0.029446840286254882812500,0.013589143753051757812500
153,153,0.028870344161987304687500,0.008631229400634765625000
154,154,0.018414020538330078125000,0.012480735778808593750000
155,155,0.028710126876831054687500,0.015565633773803710937500
156,156,0.023198127746582031250000,0.015089035034179687500000
157,157,0.030776977539062500000000,0.012663364410400390625000
158,158,0.029550552368164062500000,0.013914108276367187500000
159,159,0.029082298278808593750000,0.019221067428588867187500
160,160,0.028378486633300781250000,0.016691684722900390625000
161,161,0.018752574920654296875000,0.009393692016601562500000
162,162,0.027431249618530273437500,0.012988805770874023437500
163,163,0.029162168502807617187500,0.015800237655639648437500
164,164,0.031662702560424804687500,0.027365446090698242187500
165,165,0.029961109161376953125000,0.009592056274414062500000
166,166,0.029797554016113281250000,0.013606071472167968750000
167,167,0.028963088989257812500000,0.015208244323730468750000
168,168,0.029573678970336914062500,0.016091585159301757812500
169,169,0.030142784118652343750000,0.023374319076538085937500
170,170,0.022163391113281250000000,0.011847019195556640625000
171,171,0.027937173843383789062500,0.013527870178222656250000
172,172,0.022452592849731445312500,0.010718107223510742187500
173,173,0.024662256240844726562500,0.011950492858886718750000
174,174,0.018404483795166015625000,0.009169340133666992187500
175,175,0.029747724533081054687500,0.012215614318847656250000
176,176,0.029479265213012695312500,0.009500026702880859375000
177,177,0.030477285385131835937500,0.014060497283935546875000
178,178,0.022759675979614257812500,0.018582344055175781250000
179,179,0.021210670471191406250000,0.010675907135009765625000
180,180,0.020537137985229492187500,0.014741182327270507812500
181,181,0.019654750823974609375000,0.011657953262329101562500
182,182,0.018498897552490234375000,0.011210203170776367187500
183,183,0.029078245162963867187500,0.014134883880615234375000
184,184,0.030295372009277343750000,0.008491992950439453125000
185,185,0.018297433853149414062500,0.010222673416137695312500
186,186,0.030542850494384765625000,0.017395734786987304687500
187,187,0.029685258865356445312500,0.017682552337646484375000
188,188,0.029798746109008789062500,0.012750148773193359375000
189,189,0.032379388809204101562500,0.016687154769897460937500
190,190,0.030494928359985351562500,0.014940738677978515625000
191,191,0.028222084045410156250000,0.013412237167358398437500
192,192,0.022341966629028320312500,0.010753154754638671875000
193,193,0.023218393325805664062500,0.009119749069213867187500
194,194,0.018375635147094726562500,0.009338140487670898437500
195,195,0.030657529830932617187500,0.020427465438842773437500
196,196,0.030438661575317382812500,0.013103008270263671875000
197,197,0.022045850753784179687500,0.013748645782470703125000
198,198,0.018590688705444335937500,0.009815931320190429687500
199,199,0.019773960113525390625000,0.012689113616943359375000
200,200,0.026803255081176757812500,0.014838457107543945312500
201,201,0.018363714218139648437500,0.008786201477050781250000
202,202,0.029871702194213867187500,0.015043020248413085937500
203,203,0.029916048049926757812500,0.014115571975708007812500
204,204,0.021963596343994140625000,0.016197443008422851562500
205,205,0.024683952331542968750000,0.010093688964843750000000
206,206,0.023238658905029296875000,0.016199588775634765625000
207,207,0.025185823440551757812500,0.016396760940551757812500
208,208,0.028405427932739257812500,0.013808488845825195312500
209,209,0.021147251129150390625000,0.014126539230346679687500
210,210,0.028244256973266601562500,0.015147447586059570312500
211,211,0.028228759765625000000000,0.013031005859375000000000
212,212,0.028341531753540039062500,0.014004707336425781250000
213,213,0.024467945098876953125000,0.010263681411743164062500
214,214,0.032301902770996093750000,0.015318393707275390625000
215,215,0.032376289367675781250000,0.011785030364990234375000
216,216,0.021891593933105468750000,0.015096664428710937500000
217,217,0.018586397171020507812500,0.027665376663208007812500
218,218,0.030059099197387695312500,0.013856410980224609375000
219,219,0.030202627182006835937500,0.017385244369506835937500
220,220,0.029988050460815429687500,0.015617609024047851562500
221,221,0.030160665512084960937500,0.016727447509765625000000
222,222,0.029986143112182617187500,0.015357971191406250000000
223,223,0.038523912429809570312500,0.037016630172729492187500
224,224,0.030448913574218750000000,0.014912128448486328125000
225,225,0.030056715011596679687500,0.014476537704467773437500
226,226,0.018830299377441406250000,0.009034633636474609375000
227,227,0.028442144393920898437500,0.013803720474243164062500
228,228,0.029399156570434570312500,0.008306503295898437500000
229,229,0.018998861312866210937500,0.008119821548461914062500
230,230,0.029877424240112304687500,0.016367912292480468750000
231,231,0.031257390975952148437500,0.015261650085449218750000
232,232,0.018337249755859375000000,0.009873390197753906250000
233,233,0.022651672363281250000000,0.019347429275512695312500
234,234,0.032085180282592773437500,0.013948440551757812500000
235,235,0.028076410293579101562500,0.034621238708496093750000
236,236,0.018564462661743164062500,0.009218931198120117187500
237,237,0.029712677001953125000000,0.017811775207519531250000
238,238,0.027298927307128906250000,0.012103080749511718750000
239,239,0.020698547363281250000000,0.010851860046386718750000
240,240,0.020632743835449218750000,0.008268117904663085937500
241,241,0.023077487945556640625000,0.018396377563476562500000
242,242,0.026942014694213867187500,0.009452581405639648437500
243,243,0.018455505371093750000000,0.033459186553955078125000
244,244,0.024487495422363281250000,0.011768341064453125000000
245,245,0.020291328430175781250000,0.009824991226196289062500
246,246,0.031931161880493164062500,0.014031887054443359375000
247,247,0.029378175735473632812500,0.015048980712890625000000
248,248,0.018707990646362304687500,0.010093688964843750000000
249,249,0.022689819335937500000000,0.008621215820312500000000
250,250,0.020797252655029296875000,0.013764381408691406250000
251,251,0.031996250152587890625000,0.015369415283203125000000
252,252,0.022072792053222656250000,0.009288787841796875000000
253,253,0.038155555725097656250000,0.017473936080932617187500
254,254,0.029692173004150390625000,0.014135122299194335937500
255,255,0.022070884704589843750000,0.015384435653686523437500
256,256,0.021410226821899414062500,0.010545492172241210937500
257,257,0.019116878509521484375000,0.009704828262329101562500
258,258,0.019793510437011718750000,0.010777711868286132812500
259,259,0.019874095916748046875000,0.009477853775024414062500
260,260,0.021154642105102539062500,0.014924526214599609375000
261,261,0.031490087509155273437500,0.014722824096679687500000
262,262,0.022477388381958007812500,0.021044254302978515625000
263,263,0.018515825271606445312500,0.009496688842773437500000
264,264,0.027062892913818359375000,0.043250560760498046875000
265,265,0.022933721542358398437500,0.009360313415527343750000
266,266,0.018712520599365234375000,0.009620189666748046875000
267,267,0.018478393554687500000000,0.014648675918579101562500
268,268,0.019320964813232421875000,0.009045839309692382812500
269,269,0.026277303695678710937500,0.017719507217407226562500
270,270,0.030587434768676757812500,0.013404846191406250000000
271,271,0.019587516784667968750000,0.009019374847412109375000
272,272,0.025046825408935546875000,0.014534711837768554687500
273,273,0.031033515930175781250000,0.019043207168579101562500
274,274,0.028815984725952148437500,0.017197608947753906250000
275,275,0.028897523880004882812500,0.009825944900512695312500
276,276,0.029026508331298828125000,0.015249967575073242187500
277,277,0.030810594558715820312500,0.016468524932861328125000
278,278,0.018846750259399414062500,0.008259773254394531250000
279,279,0.021342515945434570312500,0.014146566390991210937500
280,280,0.031017303466796875000000,0.013094186782836914062500
281,281,0.022812128067016601562500,0.016168832778930664062500
282,282,0.030688285827636718750000,0.013499259948730468750000
283,283,0.027166366577148437500000,0.014920711517333984375000
284,284,0.023904800415039062500000,0.017598152160644531250000
285,285,0.025428295135498046875000,0.009936571121215820312500
286,286,0.023137807846069335937500,0.015059232711791992187500
287,287,0.022534132003784179687500,0.014109611511230468750000
288,288,0.029473304748535156250000,0.016871213912963867187500
289,289,0.030145406723022460937500,0.014051437377929687500000
290,290,0.027929306030273437500000,0.014855861663818359375000
291,291,0.028149604797363281250000,0.014321804046630859375000
292,292,0.028357744216918945312500,0.014223575592041015625000
293,293,0.028239250183105468750000,0.014581918716430664062500
294,294,0.028562545776367187500000,0.023628950119018554687500
295,295,0.028547763824462890625000,0.014648675918579101562500
296,296,0.028519868850708007812500,0.012218475341796875000000
297,297,0.028331279754638671875000,0.012444019317626953125000
298,298,0.028056621551513671875000,0.013258934020996093750000
299,299,0.028244018554687500000000,0.015766859054565429687500
300,300,0.028092384338378906250000,0.014550924301147460937500
301,301,0.028409481048583984375000,0.012501239776611328125000
302,302,0.028728008270263671875000,0.016885757446289062500000
303,303,0.031400203704833984375000,0.109587192535400390625000
304,304,0.024743318557739257812500,0.014358282089233398437500
305,305,0.025167465209960937500000,0.009501695632934570312500
306,306,0.019826173782348632812500,0.123201131820678710937500
307,307,0.029529809951782226562500,0.022576093673706054687500
308,308,0.030796051025390625000000,0.014517068862915039062500
309,309,0.033008337020874023437500,0.015046358108520507812500
310,310,0.021374225616455078125000,0.009489774703979492187500
311,311,0.020897150039672851562500,0.008499860763549804687500
312,312,0.018683433532714843750000,0.008752584457397460937500
313,313,0.020421743392944335937500,0.010440111160278320312500
314,314,0.030380487442016601562500,0.015200376510620117187500
315,315,0.030184507369995117187500,0.017732620239257812500000
316,316,0.030178546905517578125000,0.013728618621826171875000
317,317,0.029967308044433593750000,0.014363050460815429687500
318,318,0.030205011367797851562500,0.014213085174560546875000
319,319,0.030000686645507812500000,0.019622087478637695312500
320,320,0.030055046081542968750000,0.015883922576904296875000
321,321,0.022272586822509765625000,0.011210680007934570312500
322,322,0.022186756134033203125000,0.009576797485351562500000
323,323,0.028002023696899414062500,0.015012741088867187500000
324,324,0.030944824218750000000000,0.042070150375366210937500
325,325,0.033643484115600585937500,0.017330646514892578125000
326,326,0.033509969711303710937500,0.020309209823608398437500
327,327,0.024395227432250976562500,0.016829013824462890625000
328,328,0.024505615234375000000000,0.008461713790893554687500
329,329,0.020368576049804687500000,0.017634868621826171875000
330,330,0.030922412872314453125000,0.014769554138183593750000
331,331,0.030610322952270507812500,0.014950990676879882812500
332,332,0.030696868896484375000000,0.023358821868896484375000
333,333,0.030600070953369140625000,0.016338109970092773437500
334,334,0.018711090087890625000000,0.008724689483642578125000
335,335,0.018888711929321289062500,0.007807731628417968750000
336,336,0.032959461212158203125000,0.015359163284301757812500
337,337,0.030052423477172851562500,0.016945123672485351562500
338,338,0.030226945877075195312500,0.015316724777221679687500
339,339,0.020786046981811523437500,0.007979631423950195312500
340,340,0.028297424316406250000000,0.014778375625610351562500
341,341,0.029152154922485351562500,0.016416311264038085937500
342,342,0.030437707901000976562500,0.015619516372680664062500
343,343,0.031517267227172851562500,0.014720201492309570312500
344,344,0.030275583267211914062500,0.015928983688354492187500
345,345,0.028885126113891601562500,0.013252973556518554687500
346,346,0.031649827957153320312500,0.018727779388427734375000
347,347,0.030464172363281250000000,0.014852046966552734375000
348,348,0.031641244888305664062500,0.014927864074707031250000
349,349,0.030538558959960937500000,0.014039516448974609375000
350,350,0.025091409683227539062500,0.013602256774902343750000
351,351,0.030140638351440429687500,0.024185895919799804687500
352,352,0.029003620147705078125000,0.015027999877929687500000
353,353,0.031155824661254882812500,0.017770290374755859375000
354,354,0.031353950500488281250000,0.015385627746582031250000
355,355,0.029399633407592773437500,0.015607595443725585937500
356,356,0.030497789382934570312500,0.011600732803344726562500
357,357,0.025481939315795898437500,0.016561985015869140625000
358,358,0.019896268844604492187500,0.011009216308593750000000
359,359,0.031311035156250000000000,0.017118453979492187500000
360,360,0.027051448822021484375000,0.010653495788574218750000
361,361,0.021420955657958984375000,0.013084173202514648437500
362,362,0.031042814254760742187500,0.013711690902709960937500
363,363,0.030433893203735351562500,0.014778375625610351562500
364,364,0.030171155929565429687500,0.013562202453613281250000
365,365,0.026030302047729492187500,0.010879039764404296875000
366,366,0.022247314453125000000000,0.014620304107666015625000
367,367,0.030240535736083984375000,0.016077518463134765625000
368,368,0.030179500579833984375000,0.013582468032836914062500
369,369,0.030417680740356445312500,0.017764568328857421875000
370,370,0.030401945114135742187500,0.016512393951416015625000
371,371,0.030270338058471679687500,0.027739286422729492187500
372,372,0.019165039062500000000000,0.009163856506347656250000
373,373,0.022291660308837890625000,0.017540693283081054687500
374,374,0.027723312377929687500000,0.009985923767089843750000
375,375,0.018982887268066406250000,0.009233236312866210937500
376,376,0.024650096893310546875000,0.013217687606811523437500
377,377,0.018878221511840820312500,0.010408639907836914062500
378,378,0.031227111816406250000000,0.018418312072753906250000
379,379,0.033361673355102539062500,0.016448259353637695312500
380,380,0.022575616836547851562500,0.009128332138061523437500
381,381,0.019045591354370117187500,0.014027595520019531250000
382,382,0.018553256988525390625000,0.012218713760375976562500
383,383,0.022985935211181640625000,0.014549255371093750000000
384,384,0.027090072631835937500000,0.014337539672851562500000
385,385,0.027742624282836914062500,0.014973402023315429687500
386,386,0.029877424240112304687500,0.009254693984985351562500
387,387,0.024966955184936523437500,0.012810707092285156250000
388,388,0.023974657058715820312500,0.027514457702636718750000
389,389,0.030865907669067382812500,0.014764070510864257812500
390,390,0.031009912490844726562500,0.016215801239013671875000
391,391,0.029114007949829101562500,0.009819030761718750000000
392,392,0.030971050262451171875000,0.021929502487182617187500
393,393,0.024497032165527343750000,0.008464574813842773437500
394,394,0.020528316497802734375000,0.029978513717651367187500
395,395,0.019343614578247070312500,0.008804798126220703125000
396,396,0.033837795257568359375000,0.021748542785644531250000
397,397,0.026211261749267578125000,0.017174243927001953125000
398,398,0.033161878585815429687500,0.016443490982055664062500
399,399,0.033360242843627929687500,0.017771244049072265625000
400,400,0.032328367233276367187500,0.013525247573852539062500
401,401,0.030801773071289062500000,0.032957792282104492187500
402,402,0.033210039138793945312500,0.014251708984375000000000
403,403,0.033646106719970703125000,0.017236471176147460937500
404,404,0.033066272735595703125000,0.018566131591796875000000
405,405,0.031713247299194335937500,0.015043258666992187500000
406,406,0.023782014846801757812500,0.010447978973388671875000
407,407,0.024389266967773437500000,0.010698080062866210937500
408,408,0.027933359146118164062500,0.019956350326538085937500
409,409,0.029591321945190429687500,0.016485214233398437500000
410,410,0.030268907546997070312500,0.015050411224365234375000
411,411,0.030504941940307617187500,0.024719715118408203125000
412,412,0.031069755554199218750000,0.013287305831909179687500
413,413,0.029280424118041992187500,0.018573999404907226562500
414,414,0.018935680389404296875000,0.011187791824340820312500
415,415,0.021443843841552734375000,0.015337944030761718750000
416,416,0.032638072967529296875000,0.017878293991088867187500
417,417,0.032138347625732421875000,0.017316818237304687500000
418,418,0.025015830993652343750000,0.009075880050659179687500
419,419,0.020630598068237304687500,0.017698287963867187500000
420,420,0.027387857437133789062500,0.008994579315185546875000
421,421,0.019970178604125976562500,0.017607212066650390625000
422,422,0.024273395538330078125000,0.016199588775634765625000
423,423,0.030179500579833984375000,0.016665935516357421875000
424,424,0.031431198120117187500000,0.013925313949584960937500
425,425,0.027433633804321289062500,0.015776395797729492187500
426,426,0.029726505279541015625000,0.011867046356201171875000
427,427,0.029823303222656250000000,0.009256124496459960937500
428,428,0.028992891311645507812500,0.012214660644531250000000
429,429,0.029210805892944335937500,0.020448684692382812500000
430,430,0.026188611984252929687500,0.011664628982543945312500
431,431,0.019278287887573242187500,0.008365392684936523437500
432,432,0.020556449890136718750000,0.014049291610717773437500
433,433,0.029651880264282226562500,0.018884897232055664062500
434,434,0.029602289199829101562500,0.009338140487670898437500
435,435,0.022897243499755859375000,0.015665769577026367187500
436,436,0.024892807006835937500000,0.009460210800170898437500
437,437,0.018380880355834960937500,0.015866041183471679687500
438,438,0.024008989334106445312500,0.010936260223388671875000
439,439,0.018473148345947265625000,0.011678457260131835937500
440,440,0.031313419342041015625000,0.014481306076049804687500
441,441,0.028365373611450195312500,0.014294624328613281250000
442,442,0.030027389526367187500000,0.014349699020385742187500
443,443,0.028352022171020507812500,0.013522148132324218750000
444,444,0.029166936874389648437500,0.015749692916870117187500
445,445,0.028801202774047851562500,0.013828754425048828125000
446,446,0.029870271682739257812500,0.013519048690795898437500
447,447,0.029225111007690429687500,0.014382362365722656250000
448,448,0.031510829925537109375000,0.017026185989379882812500
449,449,0.030318260192871093750000,0.015715599060058593750000
450,450,0.030789136886596679687500,0.016767024993896484375000
451,451,0.024985551834106445312500,0.009762048721313476562500
452,452,0.025520324707031250000000,0.018024444580078125000000
453,453,0.030072689056396484375000,0.016235589981079101562500
454,454,0.029296636581420898437500,0.014278411865234375000000
455,455,0.030139684677124023437500,0.023972034454345703125000
456,456,0.031547307968139648437500,0.016404151916503906250000
457,457,0.025143623352050781250000,0.010910034179687500000000
458,458,0.029270172119140625000000,0.007959127426147460937500
459,459,0.018388748168945312500000,0.019374370574951171875000
460,460,0.018588066101074218750000,0.017638921737670898437500
461,461,0.029811143875122070312500,0.010473012924194335937500
462,462,0.018736362457275390625000,0.010195016860961914062500
463,463,0.018793821334838867187500,0.008669376373291015625000
464,464,0.018843173980712890625000,0.008504867553710937500000
465,465,0.023197889328002929687500,0.009405851364135742187500
466,466,0.018496990203857421875000,0.013051986694335937500000
467,467,0.028481960296630859375000,0.095481395721435546875000
468,468,0.019297361373901367187500,0.015888690948486328125000
469,469,0.024119377136230468750000,0.009758472442626953125000
470,470,0.019550561904907226562500,0.011158466339111328125000
471,471,0.023307323455810546875000,0.030573606491088867187500
472,472,0.029144287109375000000000,0.031944513320922851562500
473,473,0.029827594757080078125000,0.016487121582031250000000
474,474,0.028464078903198242187500,0.014807701110839843750000
475,475,0.029443025588989257812500,0.014812231063842773437500
476,476,0.022881031036376953125000,0.012178897857666015625000
477,477,0.018923044204711914062500,0.011164188385009765625000
478,478,0.023926973342895507812500,0.013381481170654296875000
479,479,0.028429746627807617187500,0.009180545806884765625000
480,480,0.018968105316162109375000,0.013345003128051757812500
481,481,0.021097421646118164062500,0.031193494796752929687500
482,482,0.029052019119262695312500,0.014678478240966796875000
483,483,0.029244184494018554687500,0.016172647476196289062500
484,484,0.029574155807495117187500,0.014411211013793945312500
485,485,0.029927492141723632812500,0.013955831527709960937500
486,486,0.031977653503417968750000,0.017401218414306640625000
487,487,0.033139467239379882812500,0.015771865844726562500000
488,488,0.029697179794311523437500,0.014182806015014648437500
489,489,0.028810024261474609375000,0.028613090515136718750000
490,490,0.028472185134887695312500,0.016812562942504882812500
491,491,0.030249118804931640625000,0.011960029602050781250000
492,492,0.018660306930541992187500,0.011087656021118164062500
493,493,0.025313138961791992187500,0.019437551498413085937500
494,494,0.030924558639526367187500,0.016602277755737304687500
495,495,0.031050920486450195312500,0.018224477767944335937500
496,496,0.029461383819580078125000,0.015259742736816406250000
497,497,0.019053459167480468750000,0.009670019149780273437500
498,498,0.019315004348754882812500,0.015309333801269531250000
499,499,0.021622896194458007812500,0.010722637176513671875000
500,500,0.029721498489379882812500,0.014211177825927734375000
501,501,0.026441097259521484375000,0.010651111602783203125000
502,502,0.022152662277221679687500,0.016451597213745117187500
503,503,0.026906728744506835937500,0.008282899856567382812500
504,504,0.018502473831176757812500,0.009943246841430664062500
505,505,0.028883934020996093750000,0.014196395874023437500000
506,506,0.028512954711914062500000,0.013596773147583007812500
507,507,0.028790950775146484375000,0.024817466735839843750000
508,508,0.030850410461425781250000,0.025692701339721679687500
509,509,0.021935462951660156250000,0.023607730865478515625000
510,510,0.023863077163696289062500,0.012382268905639648437500
511,511,0.030292510986328125000000,0.015693187713623046875000
512,512,0.029284238815307617187500,0.016294479370117187500000
513,513,0.031092882156372070312500,0.015705108642578125000000
514,514,0.030807256698608398437500,0.016074180603027343750000
515,515,0.030370235443115234375000,0.014217853546142578125000
516,516,0.031234264373779296875000,0.017079353332519531250000
517,517,0.030715942382812500000000,0.015243053436279296875000
518,518,0.019053459167480468750000,0.009328365325927734375000
519,519,0.027958869934082031250000,0.029896974563598632812500
520,520,0.029980659484863281250000,0.016260385513305664062500
521,521,0.030215740203857421875000,0.014520645141601562500000
522,522,0.030560970306396484375000,0.014857292175292968750000
523,523,0.029745340347290039062500,0.015489101409912109375000
524,524,0.030278205871582031250000,0.014952898025512695312500
525,525,0.022742509841918945312500,0.014121055603027343750000
526,526,0.028998136520385742187500,0.015544652938842773437500
527,527,0.021223783493041992187500,0.011956453323364257812500
528,528,0.024856328964233398437500,0.015090942382812500000000
529,529,0.023640155792236328125000,0.008160352706909179687500
530,530,0.018603324890136718750000,0.009320259094238281250000
531,531,0.019130945205688476562500,0.009985923767089843750000
532,532,0.021510362625122070312500,0.015407085418701171875000
533,533,0.028884410858154296875000,0.015330553054809570312500
534,534,0.032162666320800781250000,0.013670444488525390625000
535,535,0.029862880706787109375000,0.015216827392578125000000
536,536,0.028918981552124023437500,0.014109373092651367187500
537,537,0.028553962707519531250000,0.016910791397094726562500
538,538,0.032357931137084960937500,0.015452146530151367187500
539,539,0.031032323837280273437500,0.025005817413330078125000
540,540,0.032250404357910156250000,0.018170356750488281250000
541,541,0.031073331832885742187500,0.035061120986938476562500
542,542,0.031476497650146484375000,0.016448497772216796875000
543,543,0.029926300048828125000000,0.009897947311401367187500
544,544,0.020700216293334960937500,0.015438079833984375000000
545,545,0.018791198730468750000000,0.008833169937133789062500
546,546,0.030025720596313476562500,0.017280101776123046875000
547,547,0.030334711074829101562500,0.014874696731567382812500
548,548,0.018481016159057617187500,0.012771368026733398437500
549,549,0.028537511825561523437500,0.020101547241210937500000
550,550,0.033718585968017578125000,0.016097307205200195312500
551,551,0.033339262008666992187500,0.015054464340209960937500
552,552,0.028407812118530273437500,0.010948657989501953125000
553,553,0.029711246490478515625000,0.013136625289916992187500
554,554,0.029556274414062500000000,0.015840768814086914062500
555,555,0.029635667800903320312500,0.014091491699218750000000
556,556,0.036340713500976562500000,0.014954566955566406250000
557,557,0.023314237594604492187500,0.011394739151000976562500
558,558,0.019185066223144531250000,0.013139247894287109375000
559,559,0.019472599029541015625000,0.015918731689453125000000
560,560,0.030701160430908203125000,0.014900684356689453125000
561,561,0.031684875488281250000000,0.016513824462890625000000
562,562,0.031143903732299804687500,0.026643753051757812500000
563,563,0.030185699462890625000000,0.017064332962036132812500
564,564,0.030653953552246093750000,0.019886732101440429687500
565,565,0.018999576568603515625000,0.009127140045166015625000
566,566,0.023099660873413085937500,0.016327857971191406250000
567,567,0.032557964324951171875000,0.015792846679687500000000
568,568,0.021073818206787109375000,0.013727903366088867187500
569,569,0.030725240707397460937500,0.009861230850219726562500
570,570,0.021782875061035156250000,0.017451524734497070312500
571,571,0.023256063461303710937500,0.012125015258789062500000
572,572,0.032594203948974609375000,0.015313625335693359375000
573,573,0.033443450927734375000000,0.015547752380371093750000
574,574,0.032402753829956054687500,0.016374826431274414062500
575,575,0.032285213470458984375000,0.016102313995361328125000
576,576,0.031556129455566406250000,0.015397071838378906250000
577,577,0.031152248382568359375000,0.024866819381713867187500
578,578,0.032173871994018554687500,0.015580415725708007812500
579,579,0.030457496643066406250000,0.013345003128051757812500
580,580,0.022722244262695312500000,0.014527082443237304687500
581,581,0.020920991897583007812500,0.008173465728759765625000
582,582,0.025713920593261718750000,0.020220994949340820312500
583,583,0.019132137298583984375000,0.009398698806762695312500
584,584,0.019198179244995117187500,0.014145612716674804687500
585,585,0.022727489471435546875000,0.020373344421386718750000
586,586,0.020902872085571289062500,0.013751983642578125000000
587,587,0.024550914764404296875000,0.022680282592773437500000
588,588,0.019178628921508789062500,0.015299081802368164062500
589,589,0.030539989471435546875000,0.009572505950927734375000
590,590,0.031250476837158203125000,0.014072656631469726562500
591,591,0.027580976486206054687500,0.011867284774780273437500
592,592,0.030074834823608398437500,0.012998580932617187500000
593,593,0.023132562637329101562500,0.008332729339599609375000
594,594,0.018240451812744140625000,0.011805534362792968750000
595,595,0.021106958389282226562500,0.008047103881835937500000
596,596,0.018194675445556640625000,0.008201360702514648437500
597,597,0.018511772155761718750000,0.014761686325073242187500
598,598,0.019596099853515625000000,0.010565042495727539062500
599,599,0.021845579147338867187500,0.011897563934326171875000
600,600,0.018563985824584960937500,0.008355855941772460937500
601,601,0.029059410095214843750000,0.016472101211547851562500
602,602,0.023904085159301757812500,0.018110275268554687500000
603,603,0.019628524780273437500000,0.010055065155029296875000
604,604,0.028267383575439453125000,0.009087562561035156250000
605,605,0.030302524566650390625000,0.012403249740600585937500
606,606,0.018686771392822265625000,0.010951757431030273437500
607,607,0.023713588714599609375000,0.012826204299926757812500
608,608,0.018617153167724609375000,0.010089397430419921875000
609,609,0.018384695053100585937500,0.011649847030639648437500
610,610,0.021716117858886718750000,0.009355068206787109375000
611,611,0.028524875640869140625000,0.015467405319213867187500
612,612,0.023126602172851562500000,0.008869171142578125000000
613,613,0.018420457839965820312500,0.009503602981567382812500
614,614,0.021330595016479492187500,0.018305063247680664062500
615,615,0.027476072311401367187500,0.013667821884155273437500
616,616,0.032287836074829101562500,0.014949083328247070312500
617,617,0.030501127243041992187500,0.015082836151123046875000
618,618,0.030682086944580078125000,0.017186164855957031250000
619,619,0.030144453048706054687500,0.008419513702392578125000
620,620,0.018353223800659179687500,0.009001970291137695312500
621,621,0.018330812454223632812500,0.009283304214477539062500
622,622,0.036892175674438476562500,0.017008781433105468750000
623,623,0.029707908630371093750000,0.014859199523925781250000
624,624,0.029983043670654296875000,0.046089887619018554687500
625,625,0.024778127670288085937500,0.015460729598999023437500
626,626,0.025953769683837890625000,0.009573698043823242187500
627,627,0.031452178955078125000000,0.012804985046386718750000
628,628,0.031472921371459960937500,0.014691352844238281250000
629,629,0.029524326324462890625000,0.015098333358764648437500
630,630,0.029490470886230468750000,0.014118909835815429687500
631,631,0.029359102249145507812500,0.013991117477416992187500
632,632,0.029218435287475585937500,0.013167619705200195312500
633,633,0.028991222381591796875000,0.013785600662231445312500
634,634,0.031774997711181640625000,0.018764019012451171875000
635,635,0.021983861923217773437500,0.015349388122558593750000
636,636,0.029496431350708007812500,0.016321897506713867187500
637,637,0.029874086380004882812500,0.013648748397827148437500
638,638,0.021288394927978515625000,0.018969297409057617187500
639,639,0.021959781646728515625000,0.014373302459716796875000
640,640,0.029136419296264648437500,0.014715433120727539062500
641,641,0.024273872375488281250000,0.014903783798217773437500
642,642,0.022148847579956054687500,0.012667655944824218750000
643,643,0.027211666107177734375000,0.007217645645141601562500
644,644,0.020787239074707031250000,0.012770652770996093750000
645,645,0.023629426956176757812500,0.013270616531372070312500
646,646,0.023689031600952148437500,0.008471727371215820312500
647,647,0.021026611328125000000000,0.014346837997436523437500
648,648,0.019873857498168945312500,0.010278940200805664062500
649,649,0.024252891540527343750000,0.008668661117553710937500
650,650,0.021596431732177734375000,0.015500545501708984375000
651,651,0.029093503952026367187500,0.013548374176025390625000
652,652,0.026716947555541992187500,0.013971805572509765625000
653,653,0.023515224456787109375000,0.013604640960693359375000
654,654,0.029834508895874023437500,0.008307933807373046875000
655,655,0.026158332824707031250000,0.008963823318481445312500
656,656,0.028104543685913085937500,0.014183282852172851562500
657,657,0.019080162048339843750000,0.011816978454589843750000
658,658,0.022008895874023437500000,0.013858079910278320312500
659,659,0.019363641738891601562500,0.012376785278320312500000
660,660,0.022534608840942382812500,0.019346952438354492187500
661,661,0.031602621078491210937500,0.013545989990234375000000
662,662,0.031774044036865234375000,0.018195390701293945312500
663,663,0.032287836074829101562500,0.014822006225585937500000
664,664,0.023885488510131835937500,0.018493413925170898437500
665,665,0.031792402267456054687500,0.019822835922241210937500
666,666,0.028963088989257812500000,0.015534877777099609375000
667,667,0.018664836883544921875000,0.008575201034545898437500
668,668,0.030714273452758789062500,0.015939235687255859375000
669,669,0.020177364349365234375000,0.009155988693237304687500
670,670,0.023339271545410156250000,0.013840198516845703125000
671,671,0.018583297729492187500000,0.008706092834472656250000
672,672,0.019755125045776367187500,0.008863449096679687500000
673,673,0.020252227783203125000000,0.008443832397460937500000
674,674,0.021879196166992187500000,0.012216567993164062500000
675,675,0.022501707077026367187500,0.015309333801269531250000
676,676,0.021813631057739257812500,0.016430377960205078125000
677,677,0.023951530456542968750000,0.008996248245239257812500
678,678,0.018652915954589843750000,0.013629674911499023437500
679,679,0.031316995620727539062500,0.016495704650878906250000
680,680,0.031032323837280273437500,0.016557931900024414062500
681,681,0.028475999832153320312500,0.012619733810424804687500
682,682,0.028908967971801757812500,0.014328718185424804687500
683,683,0.028753757476806640625000,0.058595180511474609375000
684,684,0.031420230865478515625000,0.014518022537231445312500
685,685,0.028555154800415039062500,0.014434099197387695312500
686,686,0.030062198638916015625000,0.015477418899536132812500
687,687,0.032585859298706054687500,0.013986110687255859375000
688,688,0.021486997604370117187500,0.016036987304687500000000
689,689,0.029866933822631835937500,0.015885114669799804687500
690,690,0.030108928680419921875000,0.015574216842651367187500
691,691,0.031634569168090820312500,0.014625072479248046875000
692,692,0.029164314270019531250000,0.016398906707763671875000
693,693,0.021921396255493164062500,0.012792348861694335937500
694,694,0.021106719970703125000000,0.011196374893188476562500
695,695,0.018508195877075195312500,0.009297132492065429687500
696,696,0.018473148345947265625000,0.007858037948608398437500
697,697,0.025953292846679687500000,0.014480829238891601562500
698,698,0.029503345489501953125000,0.013683080673217773437500
699,699,0.027530431747436523437500,0.008282184600830078125000
700,700,0.018136978149414062500000,0.009125709533691406250000
701,701,0.018438816070556640625000,0.010259866714477539062500
702,702,0.021549701690673828125000,0.015362024307250976562500
703,703,0.022400617599487304687500,0.015814065933227539062500
704,704,0.024767398834228515625000,0.012562274932861328125000
705,705,0.018636465072631835937500,0.011807441711425781250000
706,706,0.019246578216552734375000,0.008610248565673828125000
707,707,0.018441200256347656250000,0.009444952011108398437500
708,708,0.019801616668701171875000,0.013363599777221679687500
709,709,0.029099464416503906250000,0.008439540863037109375000
710,710,0.018453598022460937500000,0.008630752563476562500000
711,711,0.020882368087768554687500,0.016973733901977539062500
712,712,0.030707359313964843750000,0.015924692153930664062500
713,713,0.030901908874511718750000,0.013902425765991210937500
714,714,0.030692100524902343750000,0.013208866119384765625000
715,715,0.019366025924682617187500,0.009347915649414062500000
716,716,0.028037071228027343750000,0.013813734054565429687500
717,717,0.030224084854125976562500,0.015598535537719726562500
718,718,0.030179738998413085937500,0.085601806640625000000000
719,719,0.029050588607788085937500,0.016146183013916015625000
720,720,0.031607151031494140625000,0.010899066925048828125000
721,721,0.028345346450805664062500,0.010833024978637695312500
722,722,0.030919551849365234375000,0.016410112380981445312500
723,723,0.020863771438598632812500,0.011730194091796875000000
724,724,0.020291566848754882812500,0.011192321777343750000000
725,725,0.021790027618408203125000,0.013967514038085937500000
726,726,0.019873142242431640625000,0.010222434997558593750000
727,727,0.022180557250976562500000,0.014943838119506835937500
728,728,0.021857738494873046875000,0.013592720031738281250000
729,729,0.022409200668334960937500,0.009617090225219726562500
730,730,0.018713474273681640625000,0.008602142333984375000000
731,731,0.022466897964477539062500,0.015769481658935546875000
732,732,0.029882431030273437500000,0.017627239227294921875000
733,733,0.024133205413818359375000,0.010681390762329101562500
734,734,0.032251834869384765625000,0.016099691390991210937500
735,735,0.022437334060668945312500,0.008948326110839843750000
736,736,0.028363943099975585937500,0.008234500885009765625000
737,737,0.026257991790771484375000,0.015857219696044921875000
738,738,0.018475770950317382812500,0.011194705963134765625000
739,739,0.021161317825317382812500,0.031980752944946289062500
740,740,0.018548965454101562500000,0.010866641998291015625000
741,741,0.022935152053833007812500,0.013247013092041015625000
742,742,0.032095193862915039062500,0.014720439910888671875000
743,743,0.018549442291259765625000,0.010341405868530273437500
744,744,0.023036003112792968750000,0.009856939315795898437500
745,745,0.030343294143676757812500,0.014769077301025390625000
746,746,0.019039869308471679687500,0.010481595993041992187500
747,747,0.020498514175415039062500,0.010616302490234375000000
748,748,0.020725250244140625000000,0.008790493011474609375000
749,749,0.018666505813598632812500,0.013213872909545898437500
750,750,0.029700994491577148437500,0.014798641204833984375000
751,751,0.029920101165771484375000,0.016579866409301757812500
752,752,0.032881021499633789062500,0.016545772552490234375000
753,753,0.030395269393920898437500,0.018904447555541992187500
754,754,0.030041456222534179687500,0.014521121978759765625000
755,755,0.030219793319702148437500,0.015212535858154296875000
756,756,0.029839992523193359375000,0.013320922851562500000000
757,757,0.030244350433349609375000,0.014878749847412109375000
758,758,0.018683433532714843750000,0.019437313079833984375000
759,759,0.021636962890625000000000,0.014143943786621093750000
760,760,0.022642850875854492187500,0.011868000030517578125000
761,761,0.020909786224365234375000,0.009171724319458007812500
762,762,0.028485774993896484375000,0.012173175811767578125000
763,763,0.025897026062011718750000,0.009118556976318359375000
764,764,0.026573896408081054687500,0.009860515594482421875000
765,765,0.023679018020629882812500,0.015044450759887695312500
766,766,0.025007486343383789062500,0.014799118041992187500000
767,767,0.030704498291015625000000,0.016039371490478515625000
768,768,0.025159358978271484375000,0.015845060348510742187500
769,769,0.030562639236450195312500,0.014957189559936523437500
770,770,0.030091762542724609375000,0.012914657592773437500000
771,771,0.031035423278808593750000,0.013207197189331054687500
772,772,0.030097246170043945312500,0.014602899551391601562500
773,773,0.029722690582275390625000,0.017366409301757812500000
774,774,0.029881954193115234375000,0.014090776443481445312500
775,775,0.029636859893798828125000,0.014421701431274414062500
776,776,0.031113624572753906250000,0.013738632202148437500000
777,777,0.024942636489868164062500,0.015840530395507812500000
778,778,0.022569179534912109375000,0.012918472290039062500000
779,779,0.025784730911254882812500,0.009117841720581054687500
780,780,0.024264812469482421875000,0.010206460952758789062500
781,781,0.030861854553222656250000,0.013226747512817382812500
782,782,0.028104066848754882812500,0.008445739746093750000000
783,783,0.030328989028930664062500,0.021958827972412109375000
784,784,0.030793428421020507812500,0.012985467910766601562500
785,785,0.026834487915039062500000,0.009100198745727539062500
786,786,0.031228542327880859375000,0.011857986450195312500000
787,787,0.026532888412475585937500,0.021304607391357421875000
788,788,0.030926227569580078125000,0.017418384552001953125000
789,789,0.030693531036376953125000,0.015257120132446289062500
790,790,0.031285047531127929687500,0.015947580337524414062500
791,791,0.030760765075683593750000,0.025028944015502929687500
792,792,0.022291660308837890625000,0.016447782516479492187500
793,793,0.030276536941528320312500,0.014161586761474609375000
794,794,0.029692411422729492187500,0.015487432479858398437500
795,795,0.029698610305786132812500,0.016747236251831054687500
796,796,0.028851032257080078125000,0.013795137405395507812500
797,797,0.022835969924926757812500,0.012605190277099609375000
798,798,0.030196666717529296875000,0.015596389770507812500000
799,799,0.030379056930541992187500,0.015276193618774414062500
800,800,0.028291225433349609375000,0.014028072357177734375000
801,801,0.026230335235595703125000,0.027307033538818359375000
802,802,0.032431602478027343750000,0.018289804458618164062500
803,803,0.028826713562011718750000,0.016351938247680664062500
804,804,0.029945850372314453125000,0.014432191848754882812500
805,805,0.032957315444946289062500,0.015949487686157226562500
806,806,0.032505512237548828125000,0.021822214126586914062500
807,807,0.028357744216918945312500,0.015120029449462890625000
808,808,0.030434131622314453125000,0.016906738281250000000000
809,809,0.030705690383911132812500,0.017052412033081054687500
810,810,0.028602838516235351562500,0.009147167205810546875000
811,811,0.018382310867309570312500,0.009220361709594726562500
812,812,0.019114494323730468750000,0.010723114013671875000000
813,813,0.018552541732788085937500,0.007865190505981445312500
814,814,0.021177530288696289062500,0.008692979812622070312500
815,815,0.018768787384033203125000,0.014737367630004882812500
816,816,0.027245521545410156250000,0.016408205032348632812500
817,817,0.029760837554931640625000,0.015876054763793945312500
818,818,0.020432472229003906250000,0.051951885223388671875000
819,819,0.029529333114624023437500,0.012974500656127929687500
820,820,0.030222177505493164062500,0.013308286666870117187500
821,821,0.029623508453369140625000,0.014328956604003906250000
822,822,0.029856204986572265625000,0.017815351486206054687500
823,823,0.029994964599609375000000,0.016064405441284179687500
824,824,0.022931575775146484375000,0.012937307357788085937500
825,825,0.018580675125122070312500,0.010496377944946289062500
826,826,0.023965597152709960937500,0.014660596847534179687500
827,827,0.030734300613403320312500,0.013707399368286132812500
828,828,0.030334949493408203125000,0.015319585800170898437500
829,829,0.030076265335083007812500,0.012481927871704101562500
830,830,0.029317855834960937500000,0.008848428726196289062500
831,831,0.018243789672851562500000,0.022872209548950195312500
832,832,0.021691799163818359375000,0.015190124511718750000000
833,833,0.029548883438110351562500,0.013948917388916015625000
834,834,0.018660306930541992187500,0.082618713378906250000000
835,835,0.018621444702148437500000,0.011184930801391601562500
836,836,0.028099060058593750000000,0.009332656860351562500000
837,837,0.021218299865722656250000,0.030771970748901367187500
838,838,0.018488168716430664062500,0.011501312255859375000000
839,839,0.022148370742797851562500,0.014976739883422851562500
840,840,0.024411916732788085937500,0.013182640075683593750000
841,841,0.024011611938476562500000,0.010322570800781250000000
842,842,0.031215667724609375000000,0.014640092849731445312500
843,843,0.021826028823852539062500,0.014698266983032226562500
844,844,0.021340370178222656250000,0.014439105987548828125000
845,845,0.026516437530517578125000,0.014857530593872070312500
846,846,0.018781185150146484375000,0.016399621963500976562500
847,847,0.030252456665039062500000,0.041760921478271484375000
848,848,0.030133247375488281250000,0.049790382385253906250000
849,849,0.030492544174194335937500,0.017121791839599609375000
850,850,0.030635356903076171875000,0.018217563629150390625000
851,851,0.025931835174560546875000,0.009449481964111328125000
852,852,0.024085044860839843750000,0.010124206542968750000000
853,853,0.029073238372802734375000,0.011803865432739257812500
854,854,0.019396543502807617187500,0.010194063186645507812500
855,855,0.018761396408081054687500,0.030379772186279296875000
856,856,0.030184984207153320312500,0.015256166458129882812500
857,857,0.029303550720214843750000,0.013431310653686523437500
858,858,0.023011684417724609375000,0.008398771286010742187500
859,859,0.018145322799682617187500,0.011115789413452148437500
860,860,0.021337270736694335937500,0.015576601028442382812500
861,861,0.024323225021362304687500,0.009304285049438476562500
862,862,0.030294418334960937500000,0.013166666030883789062500
863,863,0.020140171051025390625000,0.011507511138916015625000
864,864,0.027370452880859375000000,0.009148836135864257812500
865,865,0.027241230010986328125000,0.008503913879394531250000
866,866,0.034455060958862304687500,0.016978979110717773437500
867,867,0.033354282379150390625000,0.016978740692138671875000
868,868,0.032021760940551757812500,0.013065576553344726562500
869,869,0.032638072967529296875000,0.025268793106079101562500
870,870,0.033056259155273437500000,0.014299869537353515625000
871,871,0.030300855636596679687500,0.015617132186889648437500
872,872,0.025631904602050781250000,0.008093595504760742187500
873,873,0.020432233810424804687500,0.014716625213623046875000
874,874,0.028296470642089843750000,0.014684438705444335937500
875,875,0.028455972671508789062500,0.015451192855834960937500
876,876,0.029616355895996093750000,0.013692378997802734375000
877,877,0.028532743453979492187500,0.013599395751953125000000
878,878,0.028902292251586914062500,0.014962673187255859375000
879,879,0.028899908065795898437500,0.013424873352050781250000
880,880,0.031867980957031250000000,0.016538858413696289062500
881,881,0.031713485717773437500000,0.017068862915039062500000
882,882,0.025899171829223632812500,0.009413957595825195312500
883,883,0.020050048828125000000000,0.012722015380859375000000
884,884,0.020077943801879882812500,0.009558677673339843750000
885,885,0.028945207595825195312500,0.011806011199951171875000
886,886,0.018296003341674804687500,0.010999441146850585937500
887,887,0.028240680694580078125000,0.016402959823608398437500
888,888,0.032327175140380859375000,0.043681144714355468750000
889,889,0.029984951019287109375000,0.013269424438476562500000
890,890,0.029831171035766601562500,0.013652324676513671875000
891,891,0.029969215393066406250000,0.013559818267822265625000
892,892,0.031182527542114257812500,0.014600038528442382812500
893,893,0.030187368392944335937500,0.018709659576416015625000
894,894,0.029994249343872070312500,0.015403985977172851562500
895,895,0.029940128326416015625000,0.013660192489624023437500
896,896,0.027602910995483398437500,0.014144897460937500000000
897,897,0.024652957916259765625000,0.008950710296630859375000
898,898,0.020828485488891601562500,0.008109569549560546875000
899,899,0.018526315689086914062500,0.007944345474243164062500
900,900,0.018836975097656250000000,0.013450145721435546875000
901,901,0.022178888320922851562500,0.013320446014404296875000
902,902,0.031522035598754882812500,0.014710664749145507812500
903,903,0.029935121536254882812500,0.013669729232788085937500
904,904,0.035114288330078125000000,0.010021448135375976562500
905,905,0.018496990203857421875000,0.010469675064086914062500
906,906,0.018595457077026367187500,0.014722585678100585937500
907,907,0.021488666534423828125000,0.009438514709472656250000
908,908,0.018880367279052734375000,0.008660793304443359375000
909,909,0.030385732650756835937500,0.015977621078491210937500
910,910,0.030813932418823242187500,0.015843629837036132812500
911,911,0.030782699584960937500000,0.020462751388549804687500
912,912,0.032102584838867187500000,0.016707658767700195312500
913,913,0.030382871627807617187500,0.016656398773193359375000
914,914,0.030705213546752929687500,0.016041994094848632812500
915,915,0.030031204223632812500000,0.016179800033569335937500
916,916,0.030261278152465820312500,0.015383005142211914062500
917,917,0.030207157135009765625000,0.017377376556396484375000
918,918,0.025822162628173828125000,0.013244628906250000000000
919,919,0.022851705551147460937500,0.012195110321044921875000
920,920,0.020621299743652343750000,0.010059356689453125000000
921,921,0.022179841995239257812500,0.026520967483520507812500
922,922,0.018617391586303710937500,0.008984088897705078125000
923,923,0.022302150726318359375000,0.009159564971923828125000
924,924,0.030580759048461914062500,0.014578580856323242187500
925,925,0.030277729034423828125000,0.009536504745483398437500
926,926,0.018816232681274414062500,0.013092756271362304687500
927,927,0.019001960754394531250000,0.010890960693359375000000
928,928,0.020295143127441406250000,0.008383035659790039062500
929,929,0.024660825729370117187500,0.011938810348510742187500
930,930,0.023248910903930664062500,0.009123563766479492187500
931,931,0.031685590744018554687500,0.016445636749267578125000
932,932,0.031259298324584960937500,0.020512580871582031250000
933,933,0.030865430831909179687500,0.014137029647827148437500
934,934,0.030363559722900390625000,0.013693571090698242187500
935,935,0.018579006195068359375000,0.009066104888916015625000
936,936,0.030101537704467773437500,0.012018203735351562500000
937,937,0.030055999755859375000000,0.013839721679687500000000
938,938,0.025653600692749023437500,0.009254693984985351562500
939,939,0.022329092025756835937500,0.011748790740966796875000
940,940,0.028418064117431640625000,0.023273468017578125000000
941,941,0.020616292953491210937500,0.022959947586059570312500
942,942,0.030056476593017578125000,0.009888648986816406250000
943,943,0.022698402404785156250000,0.013347625732421875000000
944,944,0.018595933914184570312500,0.014829874038696289062500
945,945,0.031318902969360351562500,0.139872550964355468750000
946,946,0.030220985412597656250000,0.015280723571777343750000
947,947,0.029640197753906250000000,0.008691787719726562500000
948,948,0.021627426147460937500000,0.012283325195312500000000
949,949,0.027307033538818359375000,0.014243602752685546875000
950,950,0.030476093292236328125000,0.013646602630615234375000
951,951,0.030739545822143554687500,0.017989397048950195312500
952,952,0.030228376388549804687500,0.017315149307250976562500
953,953,0.029300928115844726562500,0.014268875122070312500000
954,954,0.029756546020507812500000,0.018177270889282226562500
955,955,0.029033660888671875000000,0.013159036636352539062500
956,956,0.029349803924560546875000,0.017896890640258789062500
957,957,0.024111270904541015625000,0.010477781295776367187500
958,958,0.018970489501953125000000,0.257409095764160156250000
959,959,0.031597137451171875000000,0.015928030014038085937500
960,960,0.018462419509887695312500,0.011965751647949218750000
961,961,0.020964384078979492187500,0.012220144271850585937500
962,962,0.024755239486694335937500,0.010047435760498046875000
963,963,0.018716096878051757812500,0.015359878540039062500000
964,964,0.024965047836303710937500,0.010505199432373046875000
965,965,0.020377874374389648437500,0.012186288833618164062500
966,966,0.028377056121826171875000,0.008726119995117187500000
967,967,0.022188901901245117187500,0.013794660568237304687500
968,968,0.030718088150024414062500,0.077864170074462890625000
969,969,0.018778324127197265625000,0.009342193603515625000000
970,970,0.021238088607788085937500,0.013255357742309570312500
971,971,0.024462938308715820312500,0.010770082473754882812500
972,972,0.022187232971191406250000,0.011613845825195312500000
973,973,0.021213531494140625000000,0.015532016754150390625000
974,974,0.021365404129028320312500,0.014744758605957031250000
975,975,0.018323898315429687500000,0.011592388153076171875000
976,976,0.021317005157470703125000,0.016924381256103515625000
977,977,0.033026933670043945312500,0.016534805297851562500000
978,978,0.031641244888305664062500,0.015143632888793945312500
979,979,0.029611587524414062500000,0.013185024261474609375000
980,980,0.029936313629150390625000,0.035984277725219726562500
981,981,0.029195547103881835937500,0.012423992156982421875000
982,982,0.028935432434082031250000,0.009374141693115234375000
983,983,0.024759292602539062500000,0.009538412094116210937500
984,984,0.018274784088134765625000,0.010846138000488281250000
985,985,0.029406785964965820312500,0.013300657272338867187500
986,986,0.031094312667846679687500,0.016017198562622070312500
987,987,0.032324552536010742187500,0.015248775482177734375000
988,988,0.032410144805908203125000,0.017114639282226562500000
989,989,0.033952951431274414062500,0.017054796218872070312500
990,990,0.030998706817626953125000,0.010438919067382812500000
991,991,0.027441263198852539062500,0.012327909469604492187500
992,992,0.022181272506713867187500,0.018253803253173828125000
993,993,0.024350404739379882812500,0.007839441299438476562500
994,994,0.018231868743896484375000,0.009744405746459960937500
995,995,0.022639274597167968750000,0.013790607452392578125000
996,996,0.030569553375244140625000,0.012507915496826171875000
997,997,0.030124664306640625000000,0.013593196868896484375000
998,998,0.030586242675781250000000,0.013292312622070312500000
999,999,0.030141353607177734375000,0.015835046768188476562500
1000,1000,0.030123949050903320312500,0.029092073440551757812500
